	sequences per sample	iteration	PC.636	PC.481	PC.354	PC.635	PC.593	PC.356	PC.355	PC.607	PC.634
alpha_rarefaction_10_0.biom	10	0	23.0	55.0	7.0	55.0	8.5	55.0	23.0	23.0	55.0
alpha_rarefaction_10_1.biom	10	1	9.0	55.0	12.0	55.0	55.0	23.0	23.0	23.0	23.0
alpha_rarefaction_10_2.biom	10	2	29.0	55.0	13.0	13.0	23.0	23.0	13.0	23.0	12.0
alpha_rarefaction_10_3.biom	10	3	13.0	23.0	55.0	23.0	23.0	12.0	23.0	55.0	23.0
alpha_rarefaction_10_4.biom	10	4	23.0	55.0	7.0	55.0	13.0	23.0	12.0	23.0	22.0
alpha_rarefaction_10_5.biom	10	5	13.0	29.0	23.0	13.0	12.0	13.0	13.0	13.0	23.0
alpha_rarefaction_10_6.biom	10	6	23.0	55.0	23.0	55.0	29.0	29.0	23.0	9.0	23.0
alpha_rarefaction_10_7.biom	10	7	29.0	55.0	23.0	55.0	55.0	29.0	29.0	23.0	23.0
alpha_rarefaction_10_8.biom	10	8	12.0	23.0	23.0	55.0	12.0	29.0	29.0	55.0	13.0
alpha_rarefaction_10_9.biom	10	9	29.0	13.0	23.0	55.0	29.0	55.0	9.0	55.0	13.0
alpha_rarefaction_23_0.biom	23	0	18.0	122.0	62.5	211.0	59.0	54.0	59.0	96.5	30.2
alpha_rarefaction_23_1.biom	23	1	47.3333333333	40.0	36.5	127.0	27.0	70.5	17.2	22.2	96.5
alpha_rarefaction_23_2.biom	23	2	94.0	96.5	55.0	54.0	70.5	29.75	48.0	40.0	31.0
alpha_rarefaction_23_3.biom	23	3	93.0	31.0	48.0	78.0	41.5	127.0	122.0	31.0	29.75
alpha_rarefaction_23_4.biom	23	4	29.0	78.0	70.5	78.0	29.75	191.0	33.3333333333	78.0	28.75
alpha_rarefaction_23_5.biom	23	5	62.5	59.0	62.5	43.0	26.0	54.0	122.0	24.8571428571	23.5
alpha_rarefaction_23_6.biom	23	6	37.0	54.0	93.0	59.0	53.0	127.0	24.0	23.5	32.5
alpha_rarefaction_23_7.biom	23	7	62.5	78.0	29.0	96.5	29.75	127.0	55.0	42.0	53.0
alpha_rarefaction_23_8.biom	23	8	80.0	211.0	38.0	54.0	17.2	59.0	32.5	211.0	31.0
alpha_rarefaction_23_9.biom	23	9	68.0	54.0	41.5	127.0	18.5	87.0	70.5	43.0	61.5
alpha_rarefaction_36_0.biom	36	0	80.0	74.2	77.5	71.1666666667	40.2	562.0	46.6666666667	179.0	81.0
alpha_rarefaction_36_1.biom	36	1	48.3333333333	66.5	130.0	90.0	141.0	91.25	99.5	165.0	66.75
alpha_rarefaction_36_2.biom	36	2	59.2	84.75	38.5	328.0	38.5	111.25	84.75	79.5	59.2
alpha_rarefaction_36_3.biom	36	3	49.3333333333	91.25	42.75	199.333333333	56.0	191.5	62.0	46.8571428571	58.6666666667
alpha_rarefaction_36_4.biom	36	4	36.1666666667	98.0	82.0	57.875	27.1111111111	72.5	61.0	166.0	52.0
alpha_rarefaction_36_5.biom	36	5	50.2	47.0	81.0	69.4285714286	35.6	111.333333333	130.0	60.2	129.0
alpha_rarefaction_36_6.biom	36	6	129.0	71.1666666667	81.0	234.0	32.0	119.0	59.2	165.0	141.5
alpha_rarefaction_36_7.biom	36	7	31.2	66.5	42.75	69.0	43.75	91.25	119.0	63.0	55.6
alpha_rarefaction_36_8.biom	36	8	255.0	85.1666666667	74.0	71.1666666667	42.75	58.2	81.0	129.0	62.0
alpha_rarefaction_36_9.biom	36	9	80.0	104.0	67.3333333333	98.0	43.0	111.333333333	38.5	74.2	46.0
alpha_rarefaction_49_0.biom	49	0	130.0	66.0	80.5	183.6	65.0	121.75	71.0	72.4285714286	67.0
alpha_rarefaction_49_1.biom	49	1	88.3333333333	68.1428571429	97.0	162.0	64.25	124.0	132.0	81.6	81.6
alpha_rarefaction_49_2.biom	49	2	80.6	104.666666667	112.333333333	179.25	27.4285714286	120.75	46.4285714286	92.0	208.5
alpha_rarefaction_49_3.biom	49	3	67.75	144.6	59.0	110.5	23.6	50.8571428571	46.4285714286	65.0	93.0
alpha_rarefaction_49_4.biom	49	4	55.5	108.0	121.0	64.625	25.0	136.5	42.0	159.0	75.2
alpha_rarefaction_49_5.biom	49	5	154.5	137.5	66.0	138.142857143	45.75	145.75	76.0	191.0	99.0
alpha_rarefaction_49_6.biom	49	6	40.2	95.0	61.2	121.666666667	48.125	136.5	114.25	83.0	86.2
alpha_rarefaction_49_7.biom	49	7	89.3333333333	72.1111111111	97.0	183.6	62.2	238.333333333	76.0	120.666666667	25.5
alpha_rarefaction_49_8.biom	49	8	55.1428571429	84.0	76.0	144.6	42.5	153.25	83.0	115.25	62.0
alpha_rarefaction_49_9.biom	49	9	95.0	66.0	142.5	318.5	60.0	170.0	206.5	150.0	56.5
alpha_rarefaction_62_0.biom	62	0	62.2	178.2	237.0	210.5	41.0	119.428571429	111.5	147.75	104.0
alpha_rarefaction_62_1.biom	62	1	65.0	89.3333333333	87.75	186.6	68.0	105.5	108.0	82.0	123.75
alpha_rarefaction_62_2.biom	62	2	56.25	147.6	106.0	179.2	71.5	82.875	112.6	163.0	286.0
alpha_rarefaction_62_3.biom	62	3	159.0	128.0	101.0	187.6	57.0	86.0	94.25	96.5	74.4285714286
alpha_rarefaction_62_4.biom	62	4	154.5	119.375	57.1428571429	242.0	65.2	114.125	106.2	130.5	107.2
alpha_rarefaction_62_5.biom	62	5	53.75	95.375	123.0	252.0	60.0	253.0	68.0	98.1111111111	50.125
alpha_rarefaction_62_6.biom	62	6	60.0	90.75	116.25	222.2	42.1666666667	182.25	106.2	304.0	74.1111111111
alpha_rarefaction_62_7.biom	62	7	104.2	79.625	160.0	142.142857143	53.1111111111	135.0	75.1666666667	130.0	109.0
alpha_rarefaction_62_8.biom	62	8	57.1428571429	156.0	182.0	107.333333333	36.0	155.2	102.142857143	149.0	54.1111111111
alpha_rarefaction_62_9.biom	62	9	75.1666666667	150.0	141.333333333	130.25	57.5	182.25	110.0	133.0	102.142857143
alpha_rarefaction_75_0.biom	75	0	77.0	160.0	239.0	216.0	74.3333333333	206.0	72.5	133.0	89.25
alpha_rarefaction_75_1.biom	75	1	101.0	159.0	133.0	227.5	93.3333333333	166.166666667	178.2	244.0	97.5
alpha_rarefaction_75_2.biom	75	2	130.5	169.142857143	93.0	125.1	85.5	137.875	100.125	108.333333333	63.3
alpha_rarefaction_75_3.biom	75	3	113.6	138.666666667	67.6666666667	207.0	53.6666666667	120.375	93.1666666667	117.0	59.75
alpha_rarefaction_75_4.biom	75	4	71.9090909091	129.111111111	94.0	155.5	111.0	244.0	69.0	91.0909090909	115.6
alpha_rarefaction_75_5.biom	75	5	120.2	190.6	182.0	313.75	64.6666666667	114.111111111	107.333333333	233.25	133.0
alpha_rarefaction_75_6.biom	75	6	119.2	154.5	111.6	122.375	60.5	138.5	186.0	146.166666667	76.1111111111
alpha_rarefaction_75_7.biom	75	7	90.1666666667	189.6	118.2	383.0	117.333333333	111.0	57.75	131.0	89.1111111111
alpha_rarefaction_75_8.biom	75	8	69.5	174.25	204.333333333	290.5	334.0	167.0	101.0	120.428571429	110.666666667
alpha_rarefaction_75_9.biom	75	9	111.5	180.0	139.2	133.272727273	63.6666666667	144.142857143	120.2	121.375	78.625
alpha_rarefaction_88_0.biom	88	0	99.0	186.0	96.375	126.909090909	74.1428571429	123.3	84.6	205.5	74.9090909091
alpha_rarefaction_88_1.biom	88	1	118.428571429	119.6	151.0	181.111111111	98.5	273.2	67.0	270.0	74.1428571429
alpha_rarefaction_88_2.biom	88	2	151.0	192.142857143	120.2	285.6	74.5	173.5	100.0	183.0	81.625
alpha_rarefaction_88_3.biom	88	3	103.666666667	128.1	174.0	208.0	62.1428571429	306.0	105.666666667	161.0	79.8333333333
alpha_rarefaction_88_4.biom	88	4	93.0	165.428571429	84.4285714286	135.25	61.1428571429	144.625	132.0	137.0	119.125
alpha_rarefaction_88_5.biom	88	5	101.0	200.428571429	174.0	176.0	150.5	155.333333333	135.5	183.0	112.428571429
alpha_rarefaction_88_6.biom	88	6	94.6666666667	169.875	254.0	143.1	81.2	272.5	96.0	180.75	71.0714285714
alpha_rarefaction_88_7.biom	88	7	156.2	140.875	90.3333333333	213.666666667	81.625	177.0	82.25	164.428571429	65.0
alpha_rarefaction_88_8.biom	88	8	99.1111111111	198.428571429	288.0	202.0	65.0	162.625	101.125	189.6	85.0
alpha_rarefaction_88_9.biom	88	9	192.75	162.0	103.142857143	246.2	127.0	213.428571429	108.666666667	150.428571429	73.5454545455
alpha_rarefaction_101_0.biom	101	0	102.111111111	217.125	195.5	296.666666667	88.0	134.769230769	98.6666666667	145.1	108.666666667
alpha_rarefaction_101_1.biom	101	1	176.0	177.25	352.0	263.857142857	56.8571428571	123.076923077	108.142857143	170.0	176.5
alpha_rarefaction_101_2.biom	101	2	146.166666667	159.333333333	243.0	248.142857143	100.25	192.5	122.428571429	214.666666667	117.111111111
alpha_rarefaction_101_3.biom	101	3	122.375	183.75	165.0	261.0	139.0	159.0	140.0	226.2	117.75
alpha_rarefaction_101_4.biom	101	4	180.0	171.875	322.333333333	208.666666667	71.625	350.2	87.75	180.0	102.5
alpha_rarefaction_101_5.biom	101	5	133.333333333	234.5	479.5	243.166666667	60.3333333333	222.375	139.875	256.0	93.3333333333
alpha_rarefaction_101_6.biom	101	6	97.6666666667	171.875	155.857142857	209.666666667	52.0	193.5	98.6666666667	215.666666667	168.0
alpha_rarefaction_101_7.biom	101	7	127.1	172.909090909	156.857142857	241.25	76.1428571429	230.75	110.5	179.0	135.25
alpha_rarefaction_101_8.biom	101	8	86.4285714286	155.6	212.5	242.111111111	87.5	188.333333333	182.0	137.333333333	130.75
alpha_rarefaction_101_9.biom	101	9	150.428571429	183.111111111	116.125	389.2	108.0	296.2	91.6153846154	276.2	84.0
alpha_rarefaction_114_0.biom	114	0	112.545454545	222.111111111	115.111111111	187.833333333	67.0	183.6	152.5	188.5	104.461538462
alpha_rarefaction_114_1.biom	114	1	171.142857143	241.0	157.857142857	220.5	94.2	213.1	127.0	212.0	125.0
alpha_rarefaction_114_2.biom	114	2	165.428571429	213.0	206.857142857	266.111111111	53.0	135.0	132.111111111	194.142857143	119.0
alpha_rarefaction_114_3.biom	114	3	164.428571429	151.25	189.666666667	293.0	121.25	209.666666667	137.333333333	160.333333333	139.333333333
alpha_rarefaction_114_4.biom	114	4	146.625	174.909090909	138.875	258.666666667	77.5	200.090909091	111.272727273	162.0	110.1
alpha_rarefaction_114_5.biom	114	5	164.428571429	179.0	96.6	202.6	107.142857143	160.0	123.363636364	174.142857143	150.142857143
alpha_rarefaction_114_6.biom	114	6	139.875	175.909090909	196.5	287.875	65.25	129.230769231	103.8	219.125	111.666666667
alpha_rarefaction_114_7.biom	114	7	123.428571429	207.8	156.857142857	241.3	64.25	158.461538462	118.111111111	219.125	164.0
alpha_rarefaction_114_8.biom	114	8	171.142857143	128.5	163.428571429	310.142857143	71.625	146.5	146.625	191.375	161.857142857
alpha_rarefaction_114_9.biom	114	9	126.0	201.6	139.0	319.428571429	97.0	200.6	135.0	153.0	110.1
alpha_rarefaction_127_0.biom	127	0	152.5	183.5	230.5	282.333333333	101.5	180.0	129.909090909	319.428571429	141.333333333
alpha_rarefaction_127_1.biom	127	1	165.625	197.272727273	189.666666667	372.0	137.5	186.833333333	143.666666667	292.0	124.125
alpha_rarefaction_127_2.biom	127	2	109.5	211.666666667	131.545454545	260.666666667	76.1428571429	203.333333333	143.666666667	237.0	111.1
alpha_rarefaction_127_3.biom	127	3	147.625	209.8	110.5	268.111111111	64.3333333333	232.545454545	110.1	213.0	150.625
alpha_rarefaction_127_4.biom	127	4	108.666666667	349.5	141.666666667	299.0	89.4285714286	162.071428571	117.583333333	234.75	135.111111111
alpha_rarefaction_127_5.biom	127	5	135.0	198.5	178.0	263.0	99.0	179.0	181.0	265.5	134.1
alpha_rarefaction_127_6.biom	127	6	164.625	222.5	205.5	236.6	81.5	163.071428571	117.545454545	227.375	121.75
alpha_rarefaction_127_7.biom	127	7	184.0	175.0	185.0	270.1	132.0	249.909090909	114.5	234.75	114.272727273
alpha_rarefaction_127_8.biom	127	8	110.272727273	210.0	199.428571429	351.125	81.4285714286	215.1	129.909090909	265.5	111.1
alpha_rarefaction_127_9.biom	127	9	166.428571429	200.769230769	169.875	330.857142857	85.8571428571	197.272727273	138.0	230.0	160.0
alpha_rarefaction_140_0.biom	140	0	150.111111111	211.0	170.0	433.0	90.0	176.0	130.333333333	178.25	158.666666667
alpha_rarefaction_140_1.biom	140	1	136.0	217.0	189.375	275.090909091	85.625	197.071428571	128.3	188.833333333	147.666666667
alpha_rarefaction_140_2.biom	140	2	146.1	247.363636364	176.0	371.75	75.0	206.153846154	143.0	210.0	147.666666667
alpha_rarefaction_140_3.biom	140	3	150.111111111	200.75	146.0	324.333333333	119.5	179.75	138.0	198.75	122.75
alpha_rarefaction_140_4.biom	140	4	241.166666667	200.75	188.333333333	315.8	105.0	193.0	118.583333333	215.0	135.1
alpha_rarefaction_140_5.biom	140	5	154.666666667	201.769230769	164.111111111	341.111111111	73.625	193.0	151.111111111	216.1	185.0
alpha_rarefaction_140_6.biom	140	6	154.666666667	196.461538462	170.0	286.6	94.25	233.5	114.5	198.272727273	119.583333333
alpha_rarefaction_140_7.biom	140	7	155.666666667	206.333333333	176.0	272.1	82.1111111111	221.583333333	127.363636364	193.25	135.1
alpha_rarefaction_140_8.biom	140	8	172.0	201.769230769	164.5	294.0	102.375	183.071428571	127.363636364	192.545454545	140.0
alpha_rarefaction_140_9.biom	140	9	209.857142857	201.769230769	176.0	308.1	74.6666666667	192.0	126.0	222.5	147.666666667