Tongue_to_feces	0.852149627624	0.852149627624	0.852149627624	0.835425449236	0.859632207458	0.859632207458	0.859632207458	0.844643790087
Tongue_to_Other	1.0	1.0
Tongue_to_L_palm	0.696929184897	0.53998711682	0.645894101442	0.501799856012
Tongue_to_Tongue	0.0766504411317
feces_to_Other	1.0	1.0	1.0	1.0
feces_to_L_palm	0.749316652081	0.730172858344	0.749316652081	0.730172858344	0.749316652081	0.730172858344	0.720287391656	0.71053010496
feces_to_feces	0.0	0.0	0.200949731188	0.0	0.200949731188	0.200949731188
Other_to_L_palm	1.0	1.0
Other_to_Other
L_palm_to_L_palm	0.484983517108
