Tongue_to_feces	0.610390342105	0.638981342105	0.610390342105	0.653276842105	0.552224	0.580815	0.552224	0.5951105
Tongue_to_Other	1.0	1.0
Tongue_to_L_palm	0.592568421053	0.472015105263	0.436184815789	0.3156315
Tongue_to_Tongue	0.157079710526
feces_to_Other	1.0	1.0	1.0	1.0
feces_to_L_palm	0.436902552632	0.3612685	0.437541552632	0.3898595	0.436902552632	0.3612685	0.437861052632	0.404155
feces_to_feces	0.047803	0.0	0.0717045	0.047803	0.0239015	0.0717045
Other_to_L_palm	1.0	1.0
Other_to_Other
L_palm_to_L_palm	0.228595052632
