# Distances (confidence-interval widths) for each
#   flow value (0.00 - 19.99).
# Based on the standard deviations produced by
#    Balzer et al. (Bioinformatics, 2010).
0.0737
0.0737
0.0737
0.0737
0.0737
0.0737
0.0737
0.0737
0.0737
0.0737
0.0737
0.0737
0.0737
0.07408297
0.07462966
0.07517635
0.07572304
0.07626973
0.07681642
0.07736311
0.0779098
0.07845649
0.07900318
0.07954987
0.08009656
0.08064325
0.08118994
0.08173663
0.08228332
0.08283001
0.0833767
0.08392339
0.08447008
0.08501677
0.08556346
0.08611015
0.08665684
0.08720353
0.08775022
0.08829691
0.0888436
0.08939029
0.08993698
0.09048367
0.09103036
0.09157705
0.09212374
0.09267043
0.09321712
0.09376381
0.0943105
0.09485719
0.09540388
0.09595057
0.09649726
0.09704395
0.09759064
0.09813733
0.09868402
0.09923071
0.0997774
0.10032409
0.10087078
0.10141747
0.10196416
0.10251085
0.10305754
0.10360423
0.10415092
0.10469761
0.1052443
0.10579099
0.10633768
0.10688437
0.10743106
0.10797775
0.10852444
0.10907113
0.10961782
0.11016451
0.1107112
0.11125789
0.11180458
0.11235127
0.11289796
0.11344465
0.11399134
0.11453803
0.11508472
0.11563141
0.1161781
0.11672479
0.11727148
0.11781817
0.11836486
0.11891155
0.11945824
0.12000493
0.12055162
0.12109831
0.121645
0.12219169
0.1227
0.12309046
0.12345528
0.1238201
0.12418492
0.12454974
0.12491456
0.12527938
0.1256442
0.12600902
0.12637384
0.12673866
0.12710348
0.1274683
0.12783312
0.12819794
0.12856276
0.12892758
0.1292924
0.12965722
0.13002204
0.13038686
0.13075168
0.1311165
0.13148132
0.13184614
0.13221096
0.13257578
0.1329406
0.13330542
0.13367024
0.13403506
0.13439988
0.1347647
0.13512952
0.13549434
0.13585916
0.13622398
0.1365888
0.13695362
0.13731844
0.13768326
0.13804808
0.1384129
0.13877772
0.13914254
0.13950736
0.13987218
0.140237
0.14060182
0.14096664
0.14133146
0.14169628
0.1420611
0.14242592
0.14279074
0.14315556
0.14352038
0.1438852
0.14425002
0.14461484
0.14497966
0.14534448
0.1457093
0.14607412
0.14643894
0.14680376
0.14716858
0.1475334
0.14789822
0.14826304
0.14862786
0.14899268
0.1493575
0.14972232
0.15008714
0.15045196
0.15081678
0.1511816
0.15154642
0.15191124
0.15227606
0.15264088
0.1530057
0.15337052
0.15373534
0.15410016
0.15446498
0.1548298
0.15519462
0.15555944
0.15592426
0.15628908
0.1566539
0.15701872
0.15738354
0.15774836
0.15811318
0.1585
0.15907037
0.15967774
0.16028511
0.16089248
0.16149985
0.16210722
0.16271459
0.16332196
0.16392933
0.1645367
0.16514407
0.16575144
0.16635881
0.16696618
0.16757355
0.16818092
0.16878829
0.16939566
0.17000303
0.1706104
0.17121777
0.17182514
0.17243251
0.17303988
0.17364725
0.17425462
0.17486199
0.17546936
0.17607673
0.1766841
0.17729147
0.17789884
0.17850621
0.17911358
0.17972095
0.18032832
0.18093569
0.18154306
0.18215043
0.1827578
0.18336517
0.18397254
0.18457991
0.18518728
0.18579465
0.18640202
0.18700939
0.18761676
0.18822413
0.1888315
0.18943887
0.19004624
0.19065361
0.19126098
0.19186835
0.19247572
0.19308309
0.19369046
0.19429783
0.1949052
0.19551257
0.19611994
0.19672731
0.19733468
0.19794205
0.19854942
0.19915679
0.19976416
0.20037153
0.2009789
0.20158627
0.20219364
0.20280101
0.20340838
0.20401575
0.20462312
0.20523049
0.20583786
0.20644523
0.2070526
0.20765997
0.20826734
0.20887471
0.20948208
0.21008945
0.21069682
0.21130419
0.21191156
0.21251893
0.2131263
0.21373367
0.21434104
0.21494841
0.21555578
0.21616315
0.21677052
0.21737789
0.21798526
0.2188
0.219444
0.22042126
0.22139852
0.22237578
0.22335304
0.2243303
0.22530756
0.22628482
0.22726208
0.22823934
0.2292166
0.23019386
0.23117112
0.23214838
0.23312564
0.2341029
0.23508016
0.23605742
0.23703468
0.23801194
0.2389892
0.23996646
0.24094372
0.24192098
0.24289824
0.2438755
0.24485276
0.24583002
0.24680728
0.24778454
0.2487618
0.24973906
0.25071632
0.25169358
0.25267084
0.2536481
0.25462536
0.25560262
0.25657988
0.25755714
0.2585344
0.25951166
0.26048892
0.26146618
0.26244344
0.2634207
0.26439796
0.26537522
0.26635248
0.26732974
0.268307
0.26928426
0.27026152
0.27123878
0.27221604
0.2731933
0.27417056
0.27514782
0.27612508
0.27710234
0.2780796
0.27905686
0.28003412
0.28101138
0.28198864
0.2829659
0.28394316
0.28492042
0.28589768
0.28687494
0.2878522
0.28882946
0.28980672
0.29078398
0.29176124
0.2927385
0.29371576
0.29469302
0.29567028
0.29664754
0.2976248
0.29860206
0.29957932
0.30055658
0.30153384
0.3025111
0.30348836
0.30446562
0.30544288
0.30642014
0.3073974
0.30837466
0.30935192
0.31032918
0.31130644
0.3122837
0.31326096
0.31423822
0.31521548
0.31619274
0.3168
0.31779886
0.31852372
0.31924858
0.31997344
0.3206983
0.32142316
0.32214802
0.32287288
0.32359774
0.3243226
0.32504746
0.32577232
0.32649718
0.32722204
0.3279469
0.32867176
0.32939662
0.33012148
0.33084634
0.3315712
0.33229606
0.33302092
0.33374578
0.33447064
0.3351955
0.33592036
0.33664522
0.33737008
0.33809494
0.3388198
0.33954466
0.34026952
0.34099438
0.34171924
0.3424441
0.34316896
0.34389382
0.34461868
0.34534354
0.3460684
0.34679326
0.34751812
0.34824298
0.34896784
0.3496927
0.35041756
0.35114242
0.35186728
0.35259214
0.353317
0.35404186
0.35476672
0.35549158
0.35621644
0.3569413
0.35766616
0.35839102
0.35911588
0.35984074
0.3605656
0.36129046
0.36201532
0.36274018
0.36346504
0.3641899
0.36491476
0.36563962
0.36636448
0.36708934
0.3678142
0.36853906
0.36926392
0.36998878
0.37071364
0.3714385
0.37216336
0.37288822
0.37361308
0.37433794
0.3750628
0.37578766
0.37651252
0.37723738
0.37796224
0.3786871
0.37941196
0.38013682
0.38086168
0.38158654
0.3823114
0.38303626
0.38376112
0.38448598
0.38521084
0.3859357
0.3863
0.38715952
0.38773368
0.38830784
0.388882
0.38945616
0.39003032
0.39060448
0.39117864
0.3917528
0.39232696
0.39290112
0.39347528
0.39404944
0.3946236
0.39519776
0.39577192
0.39634608
0.39692024
0.3974944
0.39806856
0.39864272
0.39921688
0.39979104
0.4003652
0.40093936
0.40151352
0.40208768
0.40266184
0.403236
0.40381016
0.40438432
0.40495848
0.40553264
0.4061068
0.40668096
0.40725512
0.40782928
0.40840344
0.4089776
0.40955176
0.41012592
0.41070008
0.41127424
0.4118484
0.41242256
0.41299672
0.41357088
0.41414504
0.4147192
0.41529336
0.41586752
0.41644168
0.41701584
0.41759
0.41816416
0.41873832
0.41931248
0.41988664
0.4204608
0.42103496
0.42160912
0.42218328
0.42275744
0.4233316
0.42390576
0.42447992
0.42505408
0.42562824
0.4262024
0.42677656
0.42735072
0.42792488
0.42849904
0.4290732
0.42964736
0.43022152
0.43079568
0.43136984
0.431944
0.43251816
0.43309232
0.43366648
0.43424064
0.4348148
0.43538896
0.43596312
0.43653728
0.43711144
0.4376856
0.43825976
0.43883392
0.43940808
0.43998224
0.4405564
0.44113056
0.44170472
0.44227888
0.44285304
0.4434272
0.44400136
0.44457552
0.44514968
0.44572384
0.4463
0.4469856
0.4476712
0.4483568
0.4490424
0.449728
0.4504136
0.4510992
0.4517848
0.4524704
0.453156
0.4538416
0.4545272
0.4552128
0.4558984
0.456584
0.4572696
0.4579552
0.4586408
0.4593264
0.460012
0.4606976
0.4613832
0.4620688
0.4627544
0.46344
0.4641256
0.4648112
0.4654968
0.4661824
0.466868
0.4675536
0.4682392
0.4689248
0.4696104
0.470296
0.4709816
0.4716672
0.4723528
0.4730384
0.473724
0.4744096
0.4750952
0.4757808
0.4764664
0.477152
0.4778376
0.4785232
0.4792088
0.4798944
0.48058
0.4812656
0.4819512
0.4826368
0.4833224
0.484008
0.4846936
0.4853792
0.4860648
0.4867504
0.487436
0.4881216
0.4888072
0.4894928
0.4901784
0.490864
0.4915496
0.4922352
0.4929208
0.4936064
0.494292
0.4949776
0.4956632
0.4963488
0.4970344
0.49772
0.4984056
0.4990912
0.4997768
0.5004624
0.501148
0.5018336
0.5025192
0.5032048
0.5038904
0.504576
0.5052616
0.5059472
0.5066328
0.5073184
0.508004
0.5086896
0.5093752
0.5100608
0.5107464
0.511432
0.5121176
0.5128032
0.5134888
0.5141744
0.51486
0.5155456
0.5162312
0.5169168
0.5176024
0.518288
0.5189736
0.5196592
0.5203448
0.5210304
0.521716
0.5224016
0.5230872
0.5237728
0.5244584
0.525144
0.5258296
0.5265152
0.5272008
0.5278864
0.528572
0.5292576
0.5299432
0.5306288
0.5313144
0.532
0.5326856
0.5333712
0.5340568
0.5347424
0.535428
0.5361136
0.5367992
0.5374848
0.5381704
0.538856
0.5395416
0.5402272
0.5409128
0.5415984
0.542284
0.5429696
0.5436552
0.5443408
0.5450264
0.545712
0.5463976
0.5470832
0.5477688
0.5484544
0.54914
0.5498256
0.5505112
0.5511968
0.5518824
0.552568
0.5532536
0.5539392
0.5546248
0.5553104
0.555996
0.5566816
0.5573672
0.5580528
0.5587384
0.559424
0.5601096
0.5607952
0.5614808
0.5621664
0.562852
0.5635376
0.5642232
0.5649088
0.5655944
0.56628
0.5669656
0.5676512
0.5683368
0.5690224
0.569708
0.5703936
0.5710792
0.5717648
0.5724504
0.573136
0.5738216
0.5745072
0.5751928
0.5758784
0.576564
0.5772496
0.5779352
0.5786208
0.5793064
0.579992
0.5806776
0.5813632
0.5820488
0.5827344
0.58342
0.5841056
0.5847912
0.5854768
0.5861624
0.586848
0.5875336
0.5882192
0.5889048
0.5895904
0.590276
0.5909616
0.5916472
0.5923328
0.5930184
0.593704
0.5943896
0.5950752
0.5957608
0.5964464
0.597132
0.5978176
0.5985032
0.5991888
0.5998744
0.60056
0.6012456
0.6019312
0.6026168
0.6033024
0.603988
0.6046736
0.6053592
0.6060448
0.6067304
0.607416
0.6081016
0.6087872
0.6094728
0.6101584
0.610844
0.6115296
0.6122152
0.6129008
0.6135864
0.614272
0.6149576
0.6156432
0.6163288
0.6170144
0.6177
0.6183856
0.6190712
0.6197568
0.6204424
0.621128
0.6218136
0.6224992
0.6231848
0.6238704
0.624556
0.6252416
0.6259272
0.6266128
0.6272984
0.627984
0.6286696
0.6293552
0.6300408
0.6307264
0.631412
0.6320976
0.6327832
0.6334688
0.6341544
0.63484
0.6355256
0.6362112
0.6368968
0.6375824
0.638268
0.6389536
0.6396392
0.6403248
0.6410104
0.641696
0.6423816
0.6430672
0.6437528
0.6444384
0.645124
0.6458096
0.6464952
0.6471808
0.6478664
0.648552
0.6492376
0.6499232
0.6506088
0.6512944
0.65198
0.6526656
0.6533512
0.6540368
0.6547224
0.655408
0.6560936
0.6567792
0.6574648
0.6581504
0.658836
0.6595216
0.6602072
0.6608928
0.6615784
0.662264
0.6629496
0.6636352
0.6643208
0.6650064
0.665692
0.6663776
0.6670632
0.6677488
0.6684344
0.66912
0.6698056
0.6704912
0.6711768
0.6718624
0.672548
0.6732336
0.6739192
0.6746048
0.6752904
0.675976
0.6766616
0.6773472
0.6780328
0.6787184
0.679404
0.6800896
0.6807752
0.6814608
0.6821464
0.682832
0.6835176
0.6842032
0.6848888
0.6855744
0.68626
0.6869456
0.6876312
0.6883168
0.6890024
0.689688
0.6903736
0.6910592
0.6917448
0.6924304
0.693116
0.6938016
0.6944872
0.6951728
0.6958584
0.696544
0.6972296
0.6979152
0.6986008
0.6992864
0.699972
0.7006576
0.7013432
0.7020288
0.7027144
0.7034
0.7040856
0.7047712
0.7054568
0.7061424
0.706828
0.7075136
0.7081992
0.7088848
0.7095704
0.710256
0.7109416
0.7116272
0.7123128
0.7129984
0.713684
0.7143696
0.7150552
0.7157408
0.7164264
0.717112
0.7177976
0.7184832
0.7191688
0.7198544
0.72054
0.7212256
0.7219112
0.7225968
0.7232824
0.723968
0.7246536
0.7253392
0.7260248
0.7267104
0.727396
0.7280816
0.7287672
0.7294528
0.7301384
0.730824
0.7315096
0.7321952
0.7328808
0.7335664
0.734252
0.7349376
0.7356232
0.7363088
0.7369944
0.73768
0.7383656
0.7390512
0.7397368
0.7404224
0.741108
0.7417936
0.7424792
0.7431648
0.7438504
0.744536
0.7452216
0.7459072
0.7465928
0.7472784
0.747964
0.7486496
0.7493352
0.7500208
0.7507064
0.751392
0.7520776
0.7527632
0.7534488
0.7541344
0.75482
0.7555056
0.7561912
0.7568768
0.7575624
0.758248
0.7589336
0.7596192
0.7603048
0.7609904
0.761676
0.7623616
0.7630472
0.7637328
0.7644184
0.765104
0.7657896
0.7664752
0.7671608
0.7678464
0.768532
0.7692176
0.7699032
0.7705888
0.7712744
0.77196
0.7726456
0.7733312
0.7740168
0.7747024
0.775388
0.7760736
0.7767592
0.7774448
0.7781304
0.778816
0.7795016
0.7801872
0.7808728
0.7815584
0.782244
0.7829296
0.7836152
0.7843008
0.7849864
0.785672
0.7863576
0.7870432
0.7877288
0.7884144
0.7891
0.7897856
0.7904712
0.7911568
0.7918424
0.792528
0.7932136
0.7938992
0.7945848
0.7952704
0.795956
0.7966416
0.7973272
0.7980128
0.7986984
0.799384
0.8000696
0.8007552
0.8014408
0.8021264
0.802812
0.8034976
0.8041832
0.8048688
0.8055544
0.80624
0.8069256
0.8076112
0.8082968
0.8089824
0.809668
0.8103536
0.8110392
0.8117248
0.8124104
0.813096
0.8137816
0.8144672
0.8151528
0.8158384
0.816524
0.8172096
0.8178952
0.8185808
0.8192664
0.819952
0.8206376
0.8213232
0.8220088
0.8226944
0.82338
0.8240656
0.8247512
0.8254368
0.8261224
0.826808
0.8274936
0.8281792
0.8288648
0.8295504
0.830236
0.8309216
0.8316072
0.8322928
0.8329784
0.833664
0.8343496
0.8350352
0.8357208
0.8364064
0.837092
0.8377776
0.8384632
0.8391488
0.8398344
0.84052
0.8412056
0.8418912
0.8425768
0.8432624
0.843948
0.8446336
0.8453192
0.8460048
0.8466904
0.847376
0.8480616
0.8487472
0.8494328
0.8501184
0.850804
0.8514896
0.8521752
0.8528608
0.8535464
0.854232
0.8549176
0.8556032
0.8562888
0.8569744
0.85766
0.8583456
0.8590312
0.8597168
0.8604024
0.861088
0.8617736
0.8624592
0.8631448
0.8638304
0.864516
0.8652016
0.8658872
0.8665728
0.8672584
0.867944
0.8686296
0.8693152
0.8700008
0.8706864
0.871372
0.8720576
0.8727432
0.8734288
0.8741144
0.8748
0.8754856
0.8761712
0.8768568
0.8775424
0.878228
0.8789136
0.8795992
0.8802848
0.8809704
0.881656
0.8823416
0.8830272
0.8837128
0.8843984
0.885084
0.8857696
0.8864552
0.8871408
0.8878264
0.888512
0.8891976
0.8898832
0.8905688
0.8912544
0.89194
0.8926256
0.8933112
0.8939968
0.8946824
0.895368
0.8960536
0.8967392
0.8974248
0.8981104
0.898796
0.8994816
0.9001672
0.9008528
0.9015384
0.902224
0.9029096
0.9035952
0.9042808
0.9049664
0.905652
0.9063376
0.9070232
0.9077088
0.9083944
0.90908
0.9097656
0.9104512
0.9111368
0.9118224
0.912508
0.9131936
0.9138792
0.9145648
0.9152504
0.915936
0.9166216
0.9173072
0.9179928
0.9186784
0.919364
0.9200496
0.9207352
0.9214208
0.9221064
0.922792
0.9234776
0.9241632
0.9248488
0.9255344
0.92622
0.9269056
0.9275912
0.9282768
0.9289624
0.929648
0.9303336
0.9310192
0.9317048
0.9323904
0.933076
0.9337616
0.9344472
0.9351328
0.9358184
0.936504
0.9371896
0.9378752
0.9385608
0.9392464
0.939932
0.9406176
0.9413032
0.9419888
0.9426744
0.94336
0.9440456
0.9447312
0.9454168
0.9461024
0.946788
0.9474736
0.9481592
0.9488448
0.9495304
0.950216
0.9509016
0.9515872
0.9522728
0.9529584
0.953644
0.9543296
0.9550152
0.9557008
0.9563864
0.957072
0.9577576
0.9584432
0.9591288
0.9598144
0.9605
0.9611856
0.9618712
0.9625568
0.9632424
0.963928
0.9646136
0.9652992
0.9659848
0.9666704
0.967356
0.9680416
0.9687272
0.9694128
0.9700984
0.970784
0.9714696
0.9721552
0.9728408
0.9735264
0.974212
0.9748976
0.9755832
0.9762688
0.9769544
0.97764
0.9783256
0.9790112
0.9796968
0.9803824
0.981068
0.9817536
0.9824392
0.9831248
0.9838104
0.984496
0.9851816
0.9858672
0.9865528
0.9872384
0.987924
0.9886096
0.9892952
0.9899808
0.9906664
0.991352
0.9920376
0.9927232
0.9934088
0.9940944
0.99478
0.9954656
0.9961512
0.9968368
0.9975224
0.998208
0.9988936
0.9995792
1.0002648
1.0009504
1.001636
1.0023216
1.0030072
1.0036928
1.0043784
1.005064
1.0057496
1.0064352
1.0071208
1.0078064
1.008492
1.0091776
1.0098632
1.0105488
1.0112344
1.01192
1.0126056
1.0132912
1.0139768
1.0146624
1.015348
1.0160336
1.0167192
1.0174048
1.0180904
1.018776
1.0194616
1.0201472
1.0208328
1.0215184
1.022204
1.0228896
1.0235752
1.0242608
1.0249464
1.025632
1.0263176
1.0270032
1.0276888
1.0283744
1.02906
1.0297456
1.0304312
1.0311168
1.0318024
1.032488
1.0331736
1.0338592
1.0345448
1.0352304
1.035916
1.0366016
1.0372872
1.0379728
1.0386584
1.039344
1.0400296
1.0407152
1.0414008
1.0420864
1.042772
1.0434576
1.0441432
1.0448288
1.0455144
1.0462
1.0468856
1.0475712
1.0482568
1.0489424
1.049628
1.0503136
1.0509992
1.0516848
1.0523704
1.053056
1.0537416
1.0544272
1.0551128
1.0557984
1.056484
1.0571696
1.0578552
1.0585408
1.0592264
1.059912
1.0605976
1.0612832
1.0619688
1.0626544
1.06334
1.0640256
1.0647112
1.0653968
1.0660824
1.066768
1.0674536
1.0681392
1.0688248
1.0695104
1.070196
1.0708816
1.0715672
1.0722528
1.0729384
1.073624
1.0743096
1.0749952
1.0756808
1.0763664
1.077052
1.0777376
1.0784232
1.0791088
1.0797944
1.08048
1.0811656
1.0818512
1.0825368
1.0832224
1.083908
1.0845936
1.0852792
1.0859648
1.0866504
1.087336
1.0880216
1.0887072
1.0893928
1.0900784
1.090764
1.0914496
1.0921352
1.0928208
1.0935064
1.094192
1.0948776
1.0955632
1.0962488
1.0969344
1.09762
1.0983056
1.0989912
1.0996768
1.1003624
1.101048
1.1017336
1.1024192
1.1031048
1.1037904
1.104476
1.1051616
1.1058472
1.1065328
1.1072184
1.107904
1.1085896
1.1092752
1.1099608
1.1106464
1.111332
1.1120176
1.1127032
1.1133888
1.1140744
1.11476
1.1154456
1.1161312
1.1168168
1.1175024
1.118188
1.1188736
1.1195592
1.1202448
1.1209304
1.121616
1.1223016
1.1229872
1.1236728
1.1243584
1.125044
1.1257296
1.1264152
1.1271008
1.1277864
1.128472
1.1291576
1.1298432
1.1305288
1.1312144
1.1319
1.1325856
1.1332712
1.1339568
1.1346424
1.135328
1.1360136
1.1366992
1.1373848
1.1380704
1.138756
1.1394416
1.1401272
1.1408128
1.1414984
1.142184
1.1428696
1.1435552
1.1442408
1.1449264
1.145612
1.1462976
1.1469832
1.1476688
1.1483544
1.14904
1.1497256
1.1504112
1.1510968
1.1517824
1.152468
1.1531536
1.1538392
1.1545248
1.1552104
1.155896
1.1565816
1.1572672
1.1579528
1.1586384
1.159324
1.1600096
1.1606952
1.1613808
1.1620664
1.162752
1.1634376
1.1641232
1.1648088
1.1654944
1.16618
1.1668656
1.1675512
1.1682368
1.1689224
1.169608
1.1702936
1.1709792
1.1716648
1.1723504
1.173036
1.1737216
1.1744072
1.1750928
1.1757784
1.176464
1.1771496
1.1778352
1.1785208
1.1792064
1.179892
1.1805776
1.1812632
1.1819488
1.1826344
1.18332
1.1840056
1.1846912
1.1853768
1.1860624
1.186748
1.1874336
1.1881192
1.1888048
1.1894904
1.190176
1.1908616
1.1915472
1.1922328
1.1929184
1.193604
1.1942896
1.1949752
1.1956608
1.1963464
1.197032
1.1977176
1.1984032
1.1990888
1.1997744
1.20046
1.2011456
1.2018312
1.2025168
1.2032024
1.203888
1.2045736
1.2052592
1.2059448
1.2066304
1.207316
1.2080016
1.2086872
1.2093728
1.2100584
1.210744
1.2114296
1.2121152
1.2128008
1.2134864
1.214172
1.2148576
1.2155432
1.2162288
1.2169144
1.2176
1.2182856
1.2189712
1.2196568
1.2203424
1.221028
1.2217136
1.2223992
1.2230848
1.2237704
1.224456
1.2251416
1.2258272
1.2265128
1.2271984
1.227884
1.2285696
1.2292552
1.2299408
1.2306264
1.231312
1.2319976
1.2326832
1.2333688
1.2340544
1.23474
1.2354256
1.2361112
1.2367968
1.2374824
1.238168
1.2388536
1.2395392
1.2402248
1.2409104
1.241596
1.2422816
1.2429672
1.2436528
1.2443384
1.245024
1.2457096
1.2463952
1.2470808
1.2477664
1.248452
1.2491376
1.2498232
1.2505088
1.2511944
1.25188
1.2525656
1.2532512
1.2539368
1.2546224
1.255308
1.2559936
1.2566792
1.2573648
1.2580504
1.258736
1.2594216
1.2601072
1.2607928
1.2614784
1.262164
1.2628496
1.2635352
1.2642208
1.2649064
1.265592
1.2662776
1.2669632
1.2676488
1.2683344
1.26902
1.2697056
1.2703912
1.2710768
1.2717624
1.272448
1.2731336
1.2738192
1.2745048
1.2751904
1.275876
1.2765616
1.2772472
1.2779328
1.2786184
1.279304
1.2799896
1.2806752
1.2813608
1.2820464
1.282732
1.2834176
1.2841032
1.2847888
1.2854744
1.28616
1.2868456
1.2875312
1.2882168
1.2889024
1.289588
1.2902736
1.2909592
1.2916448
1.2923304
1.293016
1.2937016
1.2943872
1.2950728
1.2957584
1.296444
1.2971296
1.2978152
1.2985008
1.2991864
1.299872
1.3005576
1.3012432
1.3019288
1.3026144
1.3033
1.3039856
1.3046712
1.3053568
1.3060424
1.306728
1.3074136
1.3080992
1.3087848
1.3094704
1.310156
1.3108416
1.3115272
1.3122128
1.3128984
1.313584
1.3142696
1.3149552
1.3156408
1.3163264
1.317012
1.3176976
1.3183832
1.3190688
1.3197544
1.32044
1.3211256
1.3218112
1.3224968
1.3231824
1.323868
1.3245536
1.3252392
1.3259248
1.3266104
1.327296
1.3279816
1.3286672
1.3293528
1.3300384
1.330724
1.3314096
1.3320952
1.3327808
1.3334664
1.334152
1.3348376
1.3355232
1.3362088
1.3368944
1.33758
1.3382656
1.3389512
1.3396368
1.3403224
1.341008
1.3416936
1.3423792
1.3430648
1.3437504
1.344436
1.3451216
1.3458072
1.3464928
1.3471784
1.347864
1.3485496
1.3492352
1.3499208
1.3506064
1.351292
1.3519776
1.3526632
1.3533488
1.3540344
1.35472
1.3554056
1.3560912
1.3567768
1.3574624
1.358148
1.3588336
1.3595192
1.3602048
1.3608904
1.361576
1.3622616
1.3629472
1.3636328
1.3643184
1.365004
1.3656896
1.3663752
1.3670608
1.3677464
1.368432
1.3691176
1.3698032
1.3704888
1.3711744
1.37186
1.3725456
1.3732312
1.3739168
1.3746024
1.375288
1.3759736
1.3766592
1.3773448
1.3780304
1.378716
1.3794016
1.3800872
1.3807728
1.3814584
1.382144
1.3828296
1.3835152
1.3842008
1.3848864
1.385572
1.3862576
1.3869432
1.3876288
1.3883144
1.389
1.3896856
1.3903712
1.3910568
1.3917424
1.392428
1.3931136
1.3937992
1.3944848
1.3951704
1.395856
1.3965416
1.3972272
1.3979128
1.3985984
1.399284
1.3999696
1.4006552
1.4013408
1.4020264
1.402712
1.4033976
1.4040832
1.4047688
1.4054544
