# chao1.txt
# Treatment
xaxis: 10.0	23.0	36.0	49.0	62.0	75.0	88.0	101.0	114.0	127.0	140.0	
xmax: 153.0
>> Control
color #ff0000
series 30.76	65.1933333333	80.7849047619	86.4646904762	112.923119048	156.300571429	150.431215729	153.748035576	149.335496226	170.509171218	161.997024345	
error 10.7534831566	29.9226449366	23.3958651863	25.95834969	36.2815392119	55.1402939383	48.0910745728	45.9914662066	46.753139771	49.3390996255	51.507049618	
>> Fast
color #0000ff
series 35.15	65.3708333333	79.404375	131.309642857	133.051607143	144.263871753	165.009258658	177.196051587	181.414880952	202.553499556	205.418811328	
error 9.23268649961	7.16595321061	18.8571094883	50.1637981172	30.3405068793	55.4196015957	49.5703426313	47.572029829	49.6771406119	69.3778662207	63.8119238448	
