# chao1.txt
# Description
xaxis: 10.0	23.0	36.0	49.0	62.0	75.0	88.0	101.0	114.0	127.0	140.0	
xmax: 153.0
>> Control_mouse_I.D._356
color #f27304
series 34.4	102.1	98.6928571428	120.540357143	144.67952381	162.91452381	158.067467533	188.678608614	186.799090909	210.726515151	188.681102133	
error nan	nan	nan	nan	nan	nan	nan	nan	nan	nan	nan	
>> Control_mouse_I.D._354
color #ff0000
series 15.1	56.5033333333	69.8333333333	74.92	120.666666667	226.808333333	164.192619048	153.016269841	170.517550505	175.971031746	175.372222222	
error nan	nan	nan	nan	nan	nan	nan	nan	nan	nan	nan	
>> Control_mouse_I.D._355
color #0000ff
series 24.85	45.47	95.4516666667	83.249047619	87.6853571429	118.689880952	114.958134921	131.641111111	112.123754579	131.502692308	123.253146853	
error nan	nan	nan	nan	nan	nan	nan	nan	nan	nan	nan	
>> Control_mouse_I.D._593
color #91278d
series 31.85	24.7933333333	39.5816666667	46.165	56.9316666667	73.330952381	86.9045238095	81.3938311688	77.5339285714	100.162738095	87.6101190476	
error nan	nan	nan	nan	nan	nan	nan	nan	nan	nan	nan	
>> Control_mouse_I.D._481
color #008000
series 47.6	97.1	100.365	107.449047619	154.652380952	199.759166667	228.033333333	214.010357143	199.703156566	234.182878788	235.068531469	
error nan	nan	nan	nan	nan	nan	nan	nan	nan	nan	nan	
>> Fasting_mouse_I.D._636
color #5da09e
series 20.3	70.75	59.9283333333	92.4101190476	104.606190476	100.35952381	148.287857143	139.244642857	155.938690476	154.675405151	163.099563492	
error nan	nan	nan	nan	nan	nan	nan	nan	nan	nan	nan	
>> Fasting_mouse_I.D._634
color #7cecf4
series 35.9	53.0333333333	63.7583333333	111.0975	100.96952381	90.3152092352	101.123106061	128.309563492	116.018492064	136.251071429	141.19030303	
error nan	nan	nan	nan	nan	nan	nan	nan	nan	nan	nan	
>> Fasting_mouse_I.D._635
color #f49ac2
series 45.4	68.7	106.490833333	217.42	165.764285714	229.657301587	238.6225	247.557380952	247.058055556	314.626637807	307.145833333	
error nan	nan	nan	nan	nan	nan	nan	nan	nan	nan	nan	
>> Fasting_mouse_I.D._607
color #ffff00
series 39.0	69.0	87.44	104.310952381	160.866428571	156.723452381	172.003571429	193.672619048	206.644285714	204.660883838	210.239545455	
error nan	nan	nan	nan	nan	nan	nan	nan	nan	nan	nan	
