# chao1.txt
# DOB
xaxis: 10.0	23.0	36.0	49.0	62.0	75.0	88.0	101.0	114.0	127.0	140.0	
xmax: 153.0
>> 20070314
color #f27304
series 47.6	97.1	100.365	107.449047619	154.652380952	199.759166667	228.033333333	214.010357143	199.703156566	234.182878788	235.068531469	
error nan	nan	nan	nan	nan	nan	nan	nan	nan	nan	nan	
>> 20071112
color #008000
series 39.0	69.0	87.44	104.310952381	160.866428571	156.723452381	172.003571429	193.672619048	206.644285714	204.660883838	210.239545455	
error nan	nan	nan	nan	nan	nan	nan	nan	nan	nan	nan	
>> 20080116
color #ffff00
series 33.8666666667	64.1611111111	76.7258333333	140.309206349	123.78	140.110678211	162.677821068	171.703862434	173.005079365	201.851038129	203.811899952	
error 10.3474097671	7.9129094398	21.1050332662	55.0567006204	29.7244738817	63.4516634005	57.0486583526	53.8219979433	54.8409094401	80.0983392684	73.613541619	
>> 20061126
color #ff0000
series 34.4	102.1	98.6928571428	120.540357143	144.67952381	162.91452381	158.067467533	188.678608614	186.799090909	210.726515151	188.681102133	
error nan	nan	nan	nan	nan	nan	nan	nan	nan	nan	nan	
>> 20061218
color #0000ff
series 19.975	50.9866666667	82.6425	79.0845238095	104.176011905	172.749107143	139.575376984	142.328690476	141.320652542	153.736862027	149.312684538	
error 4.875	5.51666666666	12.8091666667	4.16452380952	16.4906547619	54.0592261904	24.6172420635	10.6875793651	29.1968979632	22.2341697192	26.0595376845	
>> 20071210
color #91278d
series 31.85	24.7933333333	39.5816666667	46.165	56.9316666667	73.330952381	86.9045238095	81.3938311688	77.5339285714	100.162738095	87.6101190476	
error nan	nan	nan	nan	nan	nan	nan	nan	nan	nan	nan	
