# observed_species.txt
# DOB
xaxis: 10.0	23.0	36.0	49.0	62.0	75.0	88.0	101.0	114.0	127.0	140.0	
xmax: 153.0
>> 20070314
color #f27304
series 9.7	19.1	27.2	35.4	43.2	49.7	55.7	63.2	66.8	73.4	79.3	
error nan	nan	nan	nan	nan	nan	nan	nan	nan	nan	nan	
>> 20071112
color #008000
series 9.5	18.3	26.6	34.8	41.0	46.0	53.8	57.5	62.8	69.5	73.9	
error nan	nan	nan	nan	nan	nan	nan	nan	nan	nan	nan	
>> 20080116
color #ffff00
series 8.63333333333	17.5333333333	24.2	32.5666666667	38.4	43.3666666667	49.3333333333	54.9666666667	59.1666666667	64.6	68.8666666667	
error 0.99777530314	1.32999582288	3.65057073163	4.62192840947	5.47174560812	7.58785579433	7.30540135029	9.21604880388	9.53041913501	10.8943410387	12.3982077558	
>> 20061126
color #ff0000
series 9.1	19.9	28.6	35.4	41.8	48.1	54.7	60.4	65.9	75.1	79.2	
error nan	nan	nan	nan	nan	nan	nan	nan	nan	nan	nan	
>> 20061218
color #0000ff
series 7.7	15.3	22.15	28.25	33.2	38.7	43.85	48.95	52.2	56.4	60.05	
error 0.6	0.1	0.95	0.85	0.1	nan	0.25	0.65	0.2	0.6	0.85	
>> 20071210
color #91278d
series 8.7	14.2	20.6	24.5	27.4	32.5	34.8	38.8	40.6	43.8	46.4	
error nan	nan	nan	nan	nan	nan	nan	nan	nan	nan	nan	
