# observed_species.txt
# Treatment
xaxis: 10.0	23.0	36.0	49.0	62.0	75.0	88.0	101.0	114.0	127.0	140.0	
xmax: 153.0
>> Control
color #ff0000
series 8.58	16.76	24.14	30.36	35.76	41.54	46.58	52.06	55.54	61.02	65.0	
error 0.872696969171	2.28788111579	3.20973519157	4.37017162134	5.91357759736	6.4416147044	7.7834182722	8.82804621646	9.7950191424	11.759659859	12.6691751902	
>> Fast
color #0000ff
series 8.85	17.725	24.8	33.125	39.05	44.025	50.45	55.6	60.075	65.825	70.125	
error 0.942072184071	1.19869720947	3.32791225846	4.11787263038	4.87057491473	6.66947336752	6.61570102106	8.05636394411	8.40219465378	9.67041234902	10.9561341266	
