# PD_whole_tree.txt
# Treatment
xaxis: 10.0	23.0	36.0	49.0	62.0	75.0	88.0	101.0	114.0	127.0	140.0	
xmax: 153.0
>> Control
color #ff0000
series 1.4196106	2.1739558	2.6894046	3.14793	3.5462626	3.8667016	4.1415516	4.4266904	4.651107	4.975396	5.176778	
error 0.262776777159	0.188134255104	0.272529354759	0.335181015276	0.477194330795	0.457538645252	0.430276306792	0.506766077407	0.507570701244	0.586584929485	0.615190326796	
>> Fast
color #0000ff
series 1.85034425	2.887377	3.54253925	4.26812625	4.81029175	5.078673	5.46043875	5.86781675	6.115218	6.46533175	6.74936025	
error 0.132548559186	0.151494787039	0.217699872148	0.186012908653	0.340229507639	0.347756886173	0.318985046781	0.347527686385	0.343683323852	0.38717411123	0.425094552979	
