# PD_whole_tree.txt
# DOB
xaxis: 10.0	23.0	36.0	49.0	62.0	75.0	88.0	101.0	114.0	127.0	140.0	
xmax: 153.0
>> 20070314
color #f27304
series 1.556479	2.350569	3.014566	3.712416	4.429821	4.734846	4.857093	5.342978	5.572224	5.941325	6.18719	
error nan	nan	nan	nan	nan	nan	nan	nan	nan	nan	nan	
>> 20071112
color #008000
series 1.90888	2.971843	3.578817	4.363503	4.831679	5.082598	5.555611	5.992485	6.323296	6.758205	7.099855	
error nan	nan	nan	nan	nan	nan	nan	nan	nan	nan	nan	
>> 20080116
color #ffff00
series 1.83083233333	2.85922166667	3.53044666667	4.236334	4.80316266667	5.07736466667	5.42871466667	5.82626066667	6.04585866667	6.36770733333	6.63252866667	
error 0.147995386713	0.165620055608	0.25021202374	0.205161922086	0.392604374879	0.401546538063	0.362826327013	0.392589299596	0.371817295156	0.402181074009	0.431673522283	
>> 20061126
color #ff0000
series 1.420769	2.251422	2.703718	3.117306	3.512215	3.74011	4.147151	4.401118	4.634717	5.135637	5.346408	
error nan	nan	nan	nan	nan	nan	nan	nan	nan	nan	nan	
>> 20061218
color #0000ff
series 1.1855085	1.953818	2.3873875	2.848882	3.201434	3.5370855	3.8305305	4.069934	4.3193565	4.6007915	4.7998065	
error 0.2322705	0.063988	0.0806415	0.171994	0.216068	0.1626925	0.3243215	0.280955	0.2838205	0.4116775	0.4340585	
>> 20071210
color #91278d
series 1.749788	2.360152	2.953964	3.212164	3.386409	3.784381	4.042453	4.249488	4.409881	4.598435	4.750679	
error nan	nan	nan	nan	nan	nan	nan	nan	nan	nan	nan	
