#	sequences per sample	iteration	Feces150	Feces171	Feces235	Feces238	Feces240	Feces241	Feces242	Feces243	Feces244	Feces245	Feces246	Feces247	Feces248	Feces249	Feces250	Feces251	Feces252	Feces288	Feces294	Feces309	Feces314	Feces32	Feces352	Feces386	Feces45	Feces501	Feces54	Feces599	Feces641	Feces659
alpha_rarefaction_10_0.txt	10	0	55.0	55.0	55.0	55.0	55.0	55.0	23.0	23.0	55.0	55.0	23.0	55.0	55.0	29.0	55.0	23.0	22.0	23.0	55.0	55.0	55.0	55.0	55.0	23.0	55.0	55.0	55.0	23.0	23.0	23.0
alpha_rarefaction_10_1.txt	10	1	23.0	13.0	55.0	55.0	23.0	55.0	13.0	29.0	55.0	55.0	55.0	55.0	23.0	13.0	23.0	16.0	7.0	23.0	23.0	23.0	55.0	23.0	23.0	29.0	23.0	55.0	55.0	55.0	16.0	55.0
alpha_rarefaction_10_2.txt	10	2	23.0	55.0	55.0	23.0	55.0	55.0	55.0	23.0	55.0	55.0	55.0	55.0	55.0	23.0	23.0	23.0	3.0	23.0	23.0	55.0	55.0	23.0	23.0	29.0	55.0	23.0	23.0	55.0	23.0	55.0
alpha_rarefaction_10_3.txt	10	3	55.0	55.0	55.0	55.0	23.0	23.0	23.0	55.0	13.0	55.0	23.0	23.0	23.0	23.0	13.0	23.0	16.0	55.0	29.0	55.0	23.0	55.0	55.0	55.0	55.0	55.0	55.0	23.0	13.0	55.0
alpha_rarefaction_10_4.txt	10	4	22.0	55.0	55.0	55.0	55.0	55.0	55.0	13.0	55.0	23.0	55.0	55.0	23.0	55.0	23.0	23.0	22.0	55.0	23.0	55.0	55.0	55.0	55.0	55.0	55.0	23.0	23.0	55.0	23.0	55.0
alpha_rarefaction_10_5.txt	10	5	13.0	55.0	23.0	55.0	23.0	23.0	55.0	23.0	23.0	55.0	55.0	55.0	23.0	23.0	55.0	23.0	13.0	55.0	55.0	55.0	23.0	23.0	13.0	55.0	55.0	23.0	23.0	23.0	8.5	55.0
alpha_rarefaction_10_6.txt	10	6	12.0	55.0	55.0	55.0	23.0	55.0	55.0	23.0	8.5	55.0	55.0	13.0	13.0	55.0	23.0	55.0	9.0	55.0	23.0	55.0	55.0	55.0	13.0	55.0	23.0	55.0	29.0	13.0	23.0	23.0
alpha_rarefaction_10_7.txt	10	7	55.0	13.0	55.0	55.0	12.0	55.0	23.0	55.0	55.0	55.0	55.0	23.0	23.0	55.0	55.0	55.0	11.0	23.0	55.0	55.0	55.0	23.0	55.0	55.0	23.0	23.0	13.0	55.0	29.0	55.0
alpha_rarefaction_10_8.txt	10	8	12.0	23.0	55.0	23.0	55.0	23.0	55.0	55.0	55.0	23.0	55.0	55.0	13.0	55.0	12.0	23.0	16.0	23.0	55.0	55.0	23.0	55.0	23.0	55.0	23.0	55.0	23.0	55.0	23.0	55.0
alpha_rarefaction_10_9.txt	10	9	9.0	55.0	23.0	55.0	13.0	55.0	55.0	55.0	29.0	23.0	55.0	55.0	55.0	55.0	23.0	55.0	7.0	13.0	23.0	23.0	23.0	13.0	23.0	23.0	55.0	55.0	13.0	23.0	29.0	23.0
alpha_rarefaction_340_0.txt	340	0	349.272727273	279.555555556	446.607142857	422.535714286	341.12	451.714285714	336.473684211	474.307692308	589.0	583.476190476	408.25	364.551724138	198.3125	433.2	376.636363636	341.681818182	153.214285714	318.857142857	268.621621622	470.689655172	434.260869565	351.607142857	350.0	329.454545455	353.558823529	264.6	319.730769231	249.121212121	370.25	440.44
alpha_rarefaction_340_1.txt	340	1	336.25	266.677419355	495.136363636	485.884615385	341.454545455	509.15	251.714285714	575.434782609	344.0	272.15625	481.5	356.230769231	290.571428571	508.387096774	434.260869565	461.789473684	170.0	437.375	440.964285714	428.0	399.807692308	341.24	496.882352941	379.4	442.724137931	366.25	412.789473684	244.181818182	368.0	452.84
alpha_rarefaction_340_2.txt	340	2	466.142857143	298.666666667	398.0	462.772727273	319.44	364.5	482.75	489.689655172	468.142857143	442.545454545	428.8	368.913043478	162.3	415.214285714	542.103448276	359.0	170.272727273	375.037037037	463.5	493.555555556	333.689655172	357.260869565	463.714285714	345.689655172	467.043478261	306.0	446.555555556	392.772727273	311.142857143	436.375
alpha_rarefaction_340_3.txt	340	3	490.8125	322.275862069	359.9375	501.217391304	407.565217391	380.6	229.689655172	502.04	477.315789474	319.529411765	396.576923077	433.105263158	245.1875	514.375	370.111111111	313.416666667	274.166666667	437.25	692.0	427.823529412	501.5	345.21875	575.866666667	446.833333333	552.454545455	255.344827586	442.368421053	349.285714286	349.3	428.75
alpha_rarefaction_340_4.txt	340	4	510.05	330.476190476	486.4	342.941176471	328.25	495.055555556	298.5	425.333333333	430.5	442.916666667	314.8	460.473684211	224.428571429	438.03125	592.714285714	376.6	147.111111111	444.5	351.896551724	454.896551724	285.034482759	341.90625	414.913043478	481.3125	382.0	231.785714286	289.64	509.333333333	365.157894737	543.047619048
alpha_rarefaction_340_5.txt	340	5	549.5625	350.714285714	423.535714286	403.1	280.791666667	384.166666667	319.416666667	476.12	387.285714286	588.473684211	331.454545455	371.0	189.833333333	484.137931034	617.681818182	297.652173913	173.0	400.222222222	425.344827586	485.129032258	375.875	291.75	411.730769231	336.272727273	366.387096774	295.166666667	326.894736842	383.230769231	400.047619048	509.24
alpha_rarefaction_340_6.txt	340	6	297.434782609	472.9375	394.206896552	398.837837838	326.25	359.526315789	346.714285714	578.260869565	437.476190476	390.869565217	365.04	368.619047619	245.166666667	566.875	554.217391304	518.769230769	186.363636364	397.103448276	360.25	425.032258065	399.807692308	309.193548387	429.5	476.526315789	395.885714286	358.555555556	328.05	618.588235294	350.9	410.2
alpha_rarefaction_340_7.txt	340	7	262.111111111	288.777777778	605.4375	414.193548387	291.206896552	383.5	280.882352941	541.44	396.315789474	432.375	408.0	359.115384615	199.75	458.933333333	466.043478261	383.647058824	156.111111111	355.896551724	604.526315789	495.75	379.0	339.333333333	299.5	347.041666667	393.71875	347.789473684	285.25	350.777777778	401.375	399.483870968
alpha_rarefaction_340_8.txt	340	8	292.272727273	382.0	556.217391304	466.5	303.193548387	338.357142857	308.8	437.724137931	535.230769231	424.666666667	314.59375	385.333333333	236.555555556	478.076923077	451.12	377.5	172.714285714	302.724137931	460.576923077	520.857142857	324.416666667	350.384615385	340.130434783	399.75	482.142857143	427.473684211	374.052631579	396.55	283.884615385	386.230769231
alpha_rarefaction_340_9.txt	340	9	438.571428571	319.275862069	391.344827586	465.576923077	376.875	355.954545455	283.857142857	497.75	443.714285714	428.0	310.322580645	368.04	279.545454545	615.526315789	507.222222222	329.272727273	156.0	370.142857143	331.037037037	413.193548387	472.8	477.142857143	333.4	437.55	416.46875	270.045454545	281.8	399.44	289.157894737	456.888888889
alpha_rarefaction_670_0.txt	670	0	626.115384615	555.857142857	593.488372093	660.0	404.153846154	451.571428571	356.0	720.97826087	755.37037037	715.052631579	653.117647059	576.405405405	372.619047619	647.065217391	786.567567568	528.285714286	285.5	519.272727273	641.5	549.607142857	388.842105263	611.375	557.583333333	616.090909091	611.1875	362.516129032	418.025	491.486486486	556.0	603.0
alpha_rarefaction_670_1.txt	670	1	540.277777778	493.756756757	583.5	772.27027027	425.025	538.7	430.40625	729.571428571	554.243902439	583.488372093	568.405405405	644.785714286	354.681818182	738.318181818	706.733333333	526.823529412	254.0	528.219512195	644.651162791	702.97826087	511.456521739	536.538461538	574.25	701.90625	565.130434783	346.219512195	483.394736842	431.571428571	501.083333333	654.243243243
alpha_rarefaction_670_2.txt	670	2	446.487179487	488.886363636	884.689655172	593.1875	467.56097561	695.774193548	372.442307692	838.0	570.256410256	587.166666667	516.372093023	508.333333333	325.44	856.096774194	626.857142857	545.076923077	356.5	555.071428571	493.5	724.477272727	543.823529412	503.756756757	529.9	726.965517241	547.468085106	520.785714286	387.0625	460.125	438.775	596.636363636
alpha_rarefaction_670_3.txt	670	3	457.127659574	491.03030303	530.705882353	710.434782609	666.25	585.5	438.341463415	636.346938776	776.2	1041.0	634.785714286	644.454545455	397.869565217	784.365853659	782.75	536.035714286	275.571428571	650.666666667	569.022222222	707.733333333	616.103448276	496.825	532.790697674	633.7	560.277777778	418.459459459	522.40625	497.1875	449.058823529	714.41025641
alpha_rarefaction_670_4.txt	670	4	563.228571429	493.583333333	614.023255814	624.765957447	506.161290323	565.571428571	470.028571429	624.725490196	773.037037037	660.078947368	551.090909091	532.902439024	331.142857143	658.30952381	628.038461538	612.8125	250.0	669.428571429	535.914893617	563.382978723	607.322580645	519.2	519.162162162	529.384615385	523.456521739	343.777777778	376.027027027	404.0	434.941176471	516.12244898
alpha_rarefaction_670_5.txt	670	5	452.454545455	450.609756098	672.027777778	669.0	453.135135135	522.394736842	573.076923077	719.5	870.2	787.757575758	491.634146341	739.0	380.714285714	757.027027027	806.236842105	405.636363636	338.0	553.813953488	720.117647059	773.025641026	591.0	499.088235294	579.153846154	659.433333333	766.285714286	318.25	386.651162791	492.583333333	551.724137931	670.166666667
alpha_rarefaction_670_6.txt	670	6	596.333333333	520.516129032	613.023255814	783.228571429	396.083333333	506.41025641	437.941176471	760.916666667	551.046511628	686.972972973	549.153846154	507.736842105	346.041666667	664.75	740.0	582.535714286	202.545454545	559.028571429	732.387096774	687.12	598.25	449.15	516.976744186	594.363636364	531.666666667	375.75	466.032258065	463.916666667	552.607142857	584.25
alpha_rarefaction_670_7.txt	670	7	491.88372093	458.454545455	719.516129032	611.073170732	533.823529412	569.636363636	540.935483871	850.263157895	534.02173913	771.75	539.363636364	450.166666667	316.0	756.256410256	721.023809524	603.41025641	286.5	499.195652174	725.34375	748.625	500.666666667	704.0	488.052631579	516.923076923	657.487179487	381.5	549.935483871	401.5	489.0	564.022222222
alpha_rarefaction_670_8.txt	670	8	481.825	575.161290323	554.5	675.466666667	416.636363636	536.9	454.823529412	642.5	602.428571429	683.076923077	522.153846154	650.571428571	373.176470588	801.333333333	754.2	515.085714286	251.055555556	606.923076923	503.818181818	790.166666667	540.078947368	521.95	537.0	724.037037037	582.837209302	372.682926829	633.107142857	474.837837838	597.103448276	692.11627907
alpha_rarefaction_670_9.txt	670	9	499.275	483.777777778	580.5	608.1875	565.517241379	546.857142857	409.121212121	760.097560976	541.512195122	580.651162791	566.078947368	567.666666667	279.6	699.552631579	647.227272727	630.032258065	213.235294118	555.8	550.770833333	550.517241379	498.170212766	557.534883721	505.181818182	557.075	582.837209302	311.825	570.076923077	457.333333333	457.028571429	643.0
alpha_rarefaction_1000_0.txt	1000	0	623.0	592.270833333	796.638297872	722.161290323	620.0	626.195652174	557.6	721.161290323	827.23255814	951.357142857	740.125	610.964912281	439.034482759	957.115384615	1059.25531915	881.322580645	230.033333333	644.684210526	791.441860465	1023.67924528	678.340909091	617.163265306	581.56	697.2	688.103448276	378.444444444	719.375	512.319148936	629.052631579	739.319148936
alpha_rarefaction_1000_1.txt	1000	1	575.0	544.133333333	684.288135593	648.046153846	580.416666667	570.058823529	538.346938776	823.901639344	639.766666667	752.661290323	654.865384615	688.571428571	426.034482759	853.62	829.923076923	577.7	265.4	618.781818182	745.2	1021.19565217	812.243902439	582.666666667	748.282608696	735.731707317	667.684210526	428.8	628.136363636	561.081081081	593.024390244	834.245283019
alpha_rarefaction_1000_2.txt	1000	2	769.5	667.071428571	842.042553191	737.578125	670.076923077	617.018518519	440.442622951	949.4	779.11627907	712.75862069	613.125	665.9375	467.090909091	854.981132075	864.0	531.105263158	358.125	632.838709677	699.944444444	930.344827586	605.333333333	717.441860465	623.833333333	577.722222222	668.857142857	452.153846154	621.538461538	564.976744186	628.142857143	930.788461538
alpha_rarefaction_1000_3.txt	1000	3	878.166666667	511.62	791.1875	743.0	547.346938776	736.666666667	519.0	669.243243243	673.021276596	729.06122449	614.538461538	721.608695652	431.666666667	744.0	870.58490566	617.489795918	318.047619048	637.227272727	790.396226415	745.655737705	562.882352941	630.936170213	644.593220339	595.788461538	915.833333333	434.727272727	652.022222222	625.947368421	499.204081633	754.204081633
alpha_rarefaction_1000_4.txt	1000	4	642.9375	594.357142857	644.553571429	743.019607843	715.5	692.857142857	446.9	878.355932203	600.666666667	776.558139535	618.245901639	680.571428571	475.038461538	863.172413793	839.630769231	746.738095238	266.5	647.545454545	596.666666667	817.246153846	627.454545455	608.632653061	829.525	722.782608696	725.0	464.166666667	738.033333333	733.625	531.25	755.911764706
alpha_rarefaction_1000_5.txt	1000	5	568.386363636	652.5	801.666666667	778.631578947	671.026315789	558.0	586.666666667	833.107142857	811.714285714	774.0	567.192307692	681.127659574	427.107142857	923.068965517	890.781818182	745.717948718	284.391304348	785.705882353	693.701754386	989.716981132	582.245283019	747.236842105	522.803278689	699.020408163	727.692307692	427.348837209	526.936170213	615.552631579	678.078947368	844.770833333
alpha_rarefaction_1000_6.txt	1000	6	561.245283019	469.204081633	689.631578947	710.015873016	493.717391304	706.775	497.396226415	839.016949153	746.057692308	879.888888889	606.529411765	796.071428571	407.216216216	914.018518519	834.471698113	544.603448276	286.956521739	687.886792453	685.147540984	743.0	685.0	644.136363636	676.063829787	624.185185185	636.93220339	388.942307692	564.078947368	492.717391304	555.3125	866.0
alpha_rarefaction_1000_7.txt	1000	7	624.525	617.8	783.326086957	742.380952381	709.552631579	706.285714286	589.666666667	939.381818182	626.142857143	856.362068966	600.12244898	624.365384615	455.545454545	799.0	855.803571429	641.326086957	382.882352941	753.886363636	621.37254902	759.625	621.269230769	522.568965517	658.346938776	667.942307692	745.727272727	431.909090909	539.125	568.666666667	603.833333333	788.018518519
alpha_rarefaction_1000_8.txt	1000	8	620.923076923	705.216216216	778.0	858.52	529.666666667	624.340909091	504.188679245	889.610169492	740.88372093	924.127659574	590.303571429	612.375	360.037037037	775.568965517	877.049180328	576.163265306	236.884615385	693.021276596	671.454545455	818.105263158	588.596774194	563.06	658.346938776	554.672413793	779.895833333	384.42	543.826086957	530.47826087	544.042553191	685.277777778
alpha_rarefaction_1000_9.txt	1000	9	768.916666667	597.837209302	693.508474576	748.019607843	484.8	659.0	530.196078431	893.769230769	670.5	739.188679245	676.212765957	738.0	565.391304348	911.56	1022.61538462	607.87755102	307.037037037	645.775510204	624.515625	858.103448276	591.5	633.195652174	679.226415094	601.275862069	667.909090909	382.482758621	488.518518519	571.0	552.769230769	883.489795918
alpha_rarefaction_1330_0.txt	1330	0	749.418604651	709.833333333	933.318181818	827.045454545	718.020833333	734.472727273	673.75	1012.15873016	810.172413793	979.25	792.019230769	746.196721311	420.727272727	1033.84615385	1128.22580645	854.466666667	387.214285714	931.446808511	806.045454545	1135.80327869	745.444444444	720.5	793.470588235	795.515151515	846.75	463.677966102	663.375	609.0	584.509090909	848.794520548
alpha_rarefaction_1330_1.txt	1330	1	685.529411765	634.58490566	1143.32608696	790.438356164	693.022222222	701.103448276	608.2	942.915492958	779.725806452	1076.61111111	788.2	878.685185185	444.552631579	1249.10909091	1108.44262295	630.5	310.615384615	731.791044776	848.052631579	869.542857143	663.838709677	729.454545455	854.471698113	795.018518519	760.835820896	504.411764706	697.063829787	607.381818182	678.157894737	936.810344828
alpha_rarefaction_1330_2.txt	1330	2	708.372881356	763.75	902.0	964.20754717	594.052631579	635.368421053	586.12244898	841.042857143	722.596774194	915.842105263	793.055555556	802.181818182	559.538461538	936.602409639	1045.92307692	855.117647059	420.37037037	732.78125	1020.90384615	1076.77586207	748.048387097	694.288461538	849.333333333	899.12	783.548387097	493.021276596	630.365384615	688.872727273	654.132075472	843.514285714
alpha_rarefaction_1330_3.txt	1330	3	679.25	821.886363636	868.763888889	828.918918919	670.20754717	747.528301887	558.294117647	887.04	877.625	786.095890411	814.368421053	723.652173913	551.551724138	971.0	1027.02631579	773.305084746	290.607142857	778.220338983	798.451612903	907.041666667	638.049180328	635.153846154	774.661290323	693.911764706	894.960784314	517.2	625.181818182	741.552631579	711.692307692	829.229508197
alpha_rarefaction_1330_4.txt	1330	4	644.844827586	582.9	941.75	804.213333333	721.0	713.818181818	587.775510204	899.28358209	970.2	880.285714286	647.163934426	737.438596491	582.774193548	1084.75409836	1079.90625	751.105263158	323.2	792.147540984	788.241935484	1048.32786885	761.058823529	874.782608696	796.181818182	911.5	737.638888889	443.258064516	579.080645161	621.862068966	909.487179487	775.5
alpha_rarefaction_1330_5.txt	1330	5	725.053571429	659.779661017	859.47761194	891.642857143	531.448275862	785.019230769	604.717391304	939.916666667	839.580645161	897.0	736.754098361	747.949152542	495.322580645	1160.69354839	1397.13043478	735.222222222	249.024390244	759.655737705	732.818181818	917.692307692	650.661290323	751.446808511	683.967741935	1030.23809524	750.603448276	442.0	724.326086957	582.396226415	679.615384615	838.491803279
alpha_rarefaction_1330_6.txt	1330	6	791.403846154	803.441860465	888.552238806	817.28	629.8125	748.018518519	724.487179487	911.043478261	863.25862069	889.638888889	708.103448276	824.042553191	548.428571429	1151.56	908.581081081	781.222222222	423.384615385	753.578125	807.0	1135.80327869	582.904761905	635.52173913	781.524590164	761.220588235	873.016949153	446.132075472	624.02	575.517857143	642.960784314	1026.24528302
alpha_rarefaction_1330_7.txt	1330	7	713.109090909	677.303571429	842.764705882	876.092307692	672.442307692	787.0	658.608695652	897.789473684	897.105263158	1011.78181818	823.610169492	739.196721311	496.428571429	1112.875	1119.58064516	600.5	395.391304348	699.5	777.630769231	1028.0	714.518518519	693.446808511	768.85	607.692307692	815.114754098	438.75	657.622641509	591.0	687.294117647	910.016393443
alpha_rarefaction_1330_8.txt	1330	8	609.5	775.659574468	883.846153846	935.942857143	706.566037736	602.567164179	665.4	928.253521127	789.6875	854.38028169	679.721311475	881.529411765	670.24	996.318181818	977.633802817	801.56	319.2	799.033898305	824.808219178	909.096774194	758.677966102	665.416666667	787.42	744.677966102	896.982142857	439.333333333	622.958333333	637.411764706	719.319148936	938.75
alpha_rarefaction_1330_9.txt	1330	9	728.02	620.909090909	888.451612903	956.580645161	617.717391304	676.381818182	734.782608696	853.658227848	1022.7826087	991.084745763	775.216666667	799.5	510.0	1142.56451613	925.925925926	901.118644068	394.6	866.833333333	766.327868852	981.328125	754.058823529	678.0625	799.0	748.418181818	709.514705882	465.85	595.175438596	539.8	645.278688525	848.970588235
alpha_rarefaction_1660_0.txt	1660	0	806.75	859.285714286	878.68	916.038961039	762.048387097	847.474576271	605.679245283	1185.04	978.238095238	1089.13432836	928.368421053	994.85	657.59375	1320.03389831	1175.35897436	744.5	456.375	837.943661972	820.569620253	987.220930233	704.727272727	753.630769231	881.0	946.161290323	876.545454545	469.692307692	914.642857143	633.5	788.964912281	923.858974359
alpha_rarefaction_1660_1.txt	1660	1	836.103448276	807.55	1001.31081081	946.37037037	649.157894737	859.558823529	635.5	965.473684211	956.405797101	1135.04545455	931.518518519	826.884057971	546.238095238	1019.28	1260.58108108	728.090909091	371.041666667	807.88	767.096385542	1089.21126761	775.552238806	814.786885246	836.015873016	911.234375	993.278688525	525.916666667	698.553846154	632.75	790.196078431	943.513888889
alpha_rarefaction_1660_2.txt	1660	2	970.6	828.833333333	956.381578947	962.0	735.833333333	773.5	699.0	1101.08219178	900.0	1068.23076923	838.794117647	925.358208955	596.394736842	1041.49367089	1147.12987013	849.161764706	433.322580645	856.059701493	990.633802817	978.404761905	854.246153846	733.258064516	840.402985075	898.0	904.092307692	499.018181818	709.909090909	677.385964912	741.578125	997.631578947
alpha_rarefaction_1660_3.txt	1660	3	844.0	717.887096774	952.1	950.513888889	708.381818182	739.78125	708.967741935	1132.31818182	1011.61538462	1090.90625	819.086956522	956.392857143	566.6	1061.1369863	1170.0	912.25	387.25	877.873239437	899.5	1058.88	755.956521739	778.783783784	911.0	747.578947368	825.641791045	484.518518519	747.2	812.057692308	841.037735849	894.150684932
alpha_rarefaction_1660_4.txt	1660	4	747.892307692	778.385964912	1039.3875	917.443037975	635.596774194	907.1	620.603448276	1006.64383562	917.283783784	1189.55384615	871.017241379	971.046875	583.046511628	1030.84146341	1111.08108108	710.136986301	426.142857143	908.5625	948.714285714	1048.89655172	855.892307692	735.042253521	786.6	890.347826087	860.013888889	516.109090909	671.568965517	728.615384615	732.754098361	944.178082192
alpha_rarefaction_1660_5.txt	1660	5	651.08	701.223880597	961.452054795	983.628205128	874.525	836.467741935	721.524590164	1037.84146341	981.703125	1007.01470588	838.387096774	941.105263158	615.90625	1113.5	1159.62162162	768.246575342	397.176470588	854.138888889	964.901639344	1081.13513514	869.390625	777.615384615	954.344827586	882.0	953.739130435	533.642857143	704.111111111	685.333333333	767.105263158	959.345679012
alpha_rarefaction_1660_6.txt	1660	6	870.5	784.392857143	881.481481481	843.85	717.564516129	733.8	674.611111111	1073.16666667	960.929577465	1056.0	994.115384615	851.609375	711.230769231	1157.55882353	1044.76623377	725.52173913	397.2	943.762711864	959.018181818	1069.2804878	745.295774648	880.666666667	880.447761194	893.03125	857.375	535.385964912	713.122807018	710.555555556	725.567164179	1026.04285714
alpha_rarefaction_1660_7.txt	1660	7	725.171875	924.108695652	901.666666667	958.808219178	702.438596491	826.015873016	684.132075472	1057.73333333	903.915662651	879.158536585	790.84375	891.058823529	655.558823529	1059.55844156	1192.2625	687.014492754	331.5	824.6	1083.5	1238.05882353	847.492537313	878.166666667	791.388888889	965.928571429	908.086956522	483.064516129	663.310344828	728.277777778	683.193548387	1007.63380282
alpha_rarefaction_1660_8.txt	1660	8	827.916666667	668.25	859.535714286	1126.94285714	670.842105263	729.615384615	677.305084746	1106.03896104	1143.01754386	955.04	874.25	936.596491228	708.7	1065.2027027	1095.78313253	854.35	368.0	828.813333333	860.192307692	1139.39705882	825.725806452	820.442622951	833.815384615	985.267857143	944.0	476.193548387	851.352941176	655.892857143	713.701754386	871.727272727
alpha_rarefaction_1660_9.txt	1660	9	794.542372881	705.157894737	1052.04285714	980.125	638.238095238	1034.24528302	656.642857143	1092.3125	1069.5	998.166666667	812.142857143	924.217391304	560.790697674	1206.10958904	1088.57692308	817.666666667	356.027027027	986.305084746	823.511904762	1055.08695652	940.732142857	754.560606061	844.193548387	1023.2826087	1138.03389831	529.037735849	605.134328358	645.862068966	613.808219178	1079.92307692
alpha_rarefaction_1990_0.txt	1990	0	932.35	895.017241379	1058.725	1026.26744186	792.333333333	874.285714286	882.468085106	968.941176471	904.720930233	999.296703297	836.625	1019.24657534	594.279069767	1086.78787879	1197.32978723	869.901408451	381.357142857	926.835820896	955.451219512	1390.28571429	977.75	912.134328358	1121.36842105	1011.21428571	1096.1641791	540.444444444	791.904761905	692.223880597	790.911764706	1183.375
alpha_rarefaction_1990_1.txt	1990	1	1066.4375	897.981132075	996.087912088	1088.01234568	690.545454545	931.328125	654.734375	1181.92857143	1068.58441558	979.02970297	739.920454545	908.843373494	886.181818182	1282.03409091	1230.17977528	940.338235294	447.214285714	1012.2173913	962.333333333	1159.1097561	979.158730159	909.985915493	1007.46774194	904.235294118	903.958333333	600.518518519	805.692307692	751.625	842.492537313	1082.96153846
alpha_rarefaction_1990_2.txt	1990	2	890.016666667	870.017857143	1100.7	1133.72093023	822.642857143	927.943661972	662.230769231	1072.15625	1107.28169014	1018.96774194	872.68	1064.85	714.090909091	1283.24705882	1144.97115385	788.5	392.441176471	890.436619718	1130.47826087	1211.42857143	802.259259259	767.541666667	962.676056338	930.581081081	1038.03947368	540.90625	699.394366197	699.337837838	850.671875	1078.48
alpha_rarefaction_1990_3.txt	1990	3	940.344827586	822.838709677	1119.57692308	1061.4	807.918032787	877.04	708.323076923	1184.9	1009.25609756	1003.7	896.542857143	899.413333333	605.025	1165.35	1214.81521739	951.417910448	306.319148936	1033.29577465	1071.2027027	1263.90140845	907.75	956.15625	964.537313433	975.3	1044.14285714	535.078125	721.5	772.327868852	797.0	1161.66666667
alpha_rarefaction_1990_4.txt	1990	4	875.125	911.096774194	1169.15492958	941.011363636	762.353846154	829.0	828.056603774	1318.88	1095.97101449	1206.76623377	827.037974684	956.178082192	684.609756098	1154.23333333	1175.16129032	870.545454545	334.0	1022.0	1040.43902439	1299.46341463	969.241935484	1019.58490566	1030.44262295	1064.96875	1019.09589041	557.918032787	695.285714286	680.727272727	825.064516129	948.206896552
alpha_rarefaction_1990_5.txt	1990	5	826.780821918	914.226415094	1072.73333333	1011.95789474	821.545454545	867.12345679	715.203125	1231.4137931	1064.2027027	1038.96551724	997.785714286	1023.43076923	694.526315789	1213.01219512	1111.8	798.272727273	334.076923077	870.918918919	919.12345679	1216.04597701	753.48	946.625	942.887323944	1035.0	978.04	553.048387097	657.430769231	778.603448276	825.013888889	1209.73913043
alpha_rarefaction_1990_6.txt	1990	6	917.0	967.9	990.602409639	957.010526316	757.406779661	1017.44444444	630.076923077	1204.19230769	1072.58441558	1183.86842105	889.833333333	1015.04545455	706.677419355	1204.57142857	1182.9	853.68	349.219512195	915.635135135	933.25	1264.38028169	831.796875	813.685714286	926.444444444	1025.66666667	1035.8961039	549.196721311	739.671641791	735.846153846	758.5	1065.98701299
alpha_rarefaction_1990_7.txt	1990	7	835.264705882	771.52173913	1015.53164557	1191.97058824	961.645833333	840.304347826	743.157894737	1313.0625	1036.43589744	912.934579439	927.642857143	1000.56756757	662.0	1148.17204301	1289.20253165	928.0	354.5625	873.151898734	941.235294118	1245.35	1008.71428571	957.048387097	976.0	1103.484375	1025.45833333	578.142857143	806.85	702.405797101	741.708333333	1069.38157895
alpha_rarefaction_1990_8.txt	1990	8	1098.01886792	914.982142857	1090.48	1053.5	821.786885246	856.75	743.078431373	1113.7826087	1010.53846154	1007.70114943	846.813333333	931.858974359	671.097560976	1179.40909091	1184.18390805	824.897058824	411.029411765	962.283783784	990.2625	1251.54929577	842.887323944	945.0	906.150684932	955.671641791	920.202531646	572.310344828	852.017857143	713.153846154	805.147540984	1137.09859155
alpha_rarefaction_1990_9.txt	1990	9	832.75	816.153846154	1004.59036145	963.693181818	659.214285714	801.108108108	703.766666667	1230.83544304	1229.921875	1135.26506024	928.4	891.04	839.666666667	1139.36363636	1347.37037037	734.858695652	427.363636364	887.296296296	944.75862069	1429.92424242	837.4	904.017241379	925.029850746	1254.12068966	938.25	555.1	816.185185185	722.651515152	810.451612903	1340.515625
alpha_rarefaction_2320_0.txt	2320	0	793.4375	894.666666667	1030.22093023	1206.98837209	785.513513514	835.139534884	753.0	1307.3956044	1137.47058824	1059.24489796	840.311111111	1054.72727273	820.657894737	1320.48913043	1280.84615385	970.012820513	461.333333333	976.109756098	948.0	1360.28915663	933.985915493	1000.0	1132.92957746	1057.01234568	1216.83823529	n/a	901.725806452	758.541666667	776.75	1075.42105263
alpha_rarefaction_2320_1.txt	2320	1	865.475	924.818181818	1079.5212766	1043.26315789	833.666666667	898.795180723	824.810344828	1266.84375	1199.01298701	1113.0625	905.511363636	914.096385542	784.666666667	1273.07142857	1096.02702703	854.857142857	391.108695652	935.139534884	1126.06896552	1282.40909091	928.684931507	867.185185185	1070.01408451	1033.34567901	984.75862069	n/a	795.125	758.136986301	896.540540541	1227.46153846
alpha_rarefaction_2320_2.txt	2320	2	1006.32307692	941.0	1087.02409639	1046.43157895	844.402985075	992.723684211	883.6	1261.84375	1203.01219512	1184.20618557	898.253012048	1125.31884058	790.0	1187.88679245	1442.81111111	842.517241379	450.333333333	960.0	1070.57894737	1464.0	1033.4375	939.630136986	912.265060241	1015.56179775	1110.2027027	n/a	873.042857143	755.583333333	892.666666667	1135.76744186
alpha_rarefaction_2320_3.txt	2320	3	823.189873418	938.016666667	1126.52325581	1152.66666667	768.541666667	1042.31818182	729.542857143	1327.10989011	1253.58571429	1172.96774194	1025.09589041	1013.97468354	747.4375	1285.04301075	1219.42857143	942.285714286	389.65	965.325301205	1042.15384615	1378.8125	873.0625	1010.0	1087.04109589	1008.14814815	1077.075	n/a	746.48	748.383561644	897.263888889	1198.03846154
alpha_rarefaction_2320_4.txt	2320	4	850.725274725	978.015384615	1157.34482759	1109.06976744	835.227272727	925.346153846	703.507042254	1218.125	1043.0	1284.41333333	1066.49367089	1109.4	592.489795918	1268.68131868	1223.57009346	922.076923077	453.363636364	993.602409639	1213.85714286	1330.0	899.936708861	896.828947368	1105.95652174	997.25	1180.45833333	n/a	785.774647887	756.205479452	830.070588235	1186.34567901
alpha_rarefaction_2320_5.txt	2320	5	993.014925373	898.119402985	1042.26315789	1126.62921348	865.015873016	1016.01515152	801.984375	1333.06593407	1134.01315789	1310.48	1065.21875	1134.20547945	789.558139535	1329.0	1142.40952381	922.443037975	392.022222222	982.804878049	980.833333333	1463.34615385	898.928571429	1209.25	1070.22058824	1194.34246575	1146.03947368	n/a	817.246153846	759.541666667	869.95890411	1209.58139535
alpha_rarefaction_2320_6.txt	2320	6	844.534883721	902.884057971	1200.01282051	1046.05940594	882.96875	966.833333333	716.714285714	1251.77419355	1366.87301587	1131.8988764	896.0	1000.22093023	830.046511628	1286.45744681	1412.38709677	965.947368421	464.571428571	922.423529412	1002.36144578	1432.14814815	931.613333333	968.0	1017.35897436	993.054054054	1083.37037037	n/a	857.508196721	744.493150685	843.325	1090.5
alpha_rarefaction_2320_7.txt	2320	7	907.540540541	924.571428571	1036.59375	1019.74285714	850.338235294	882.048780488	751.2	1174.12621359	1116.72093023	1065.14705882	893.0	955.325301205	747.0	1239.26315789	1229.49514563	902.888888889	372.222222222	1004.87341772	1016.83870968	1510.6	879.666666667	882.987012987	1049.22972973	1077.08571429	1089.71764706	n/a	833.563380282	748.108108108	871.461538462	1194.075
alpha_rarefaction_2320_8.txt	2320	8	850.511904762	881.130434783	1012.31868132	1088.64705882	770.133333333	945.575	689.9375	1366.75	1050.5	1161.86666667	861.565217391	1041.13924051	661.957446809	1330.0	1182.02678571	947.553846154	401.277777778	966.269230769	1083.38157895	1385.47058824	1027.92957746	1019.22058824	1001.89873418	889.5	1044.8255814	n/a	852.794117647	748.108108108	801.12987013	1183.42857143
alpha_rarefaction_2320_9.txt	2320	9	956.379746835	860.739130435	1110.55789474	1051.5212766	848.602739726	961.217391304	785.507042254	1239.0	1113.76086957	1230.3255814	913.461538462	1159.44285714	739.085714286	1270.75	1340.93877551	925.443037975	380.886363636	968.666666667	1132.83544304	1327.16483516	993.408450704	996.130434783	1014.61842105	963.451219512	1102.55844156	n/a	846.333333333	740.616438356	825.059701493	1222.01219512
alpha_rarefaction_2650_0.txt	2650	0	965.804878049	n/a	1183.5106383	1138.48453608	844.678571429	1029.35897436	808.378787879	1437.48913043	1197.22093023	1243.12871287	988.989130435	1107.2804878	906.0	1348.02727273	1501.00980392	985.430379747	398.52	n/a	1243.17857143	1434.39130435	926.068965517	996.512820513	1095.95121951	937.571428571	1198.23529412	n/a	861.04	n/a	898.011235955	1205.75
alpha_rarefaction_2650_1.txt	2650	1	892.296296296	n/a	1169.50526316	1225.78125	896.042857143	1009.89873418	903.254237288	1301.62857143	1491.18181818	1162.91089109	910.28	1070.68539326	700.734693878	1377.56122449	1453.35643564	1018.17857143	459.166666667	n/a	1104.89473684	1435.22580645	984.3125	993.623376623	1146.2962963	1044.2247191	1199.2	n/a	840.554054054	n/a	883.935897436	1187.91
alpha_rarefaction_2650_2.txt	2650	2	914.445783133	n/a	1107.08163265	1178.63917526	890.402985075	1051.58441558	969.518518519	1315.61165049	1157.59405941	1220.76699029	1005.90804598	1174.55555556	801.255319149	1441.21212121	1270.6440678	949.25	483.833333333	n/a	1024.55882353	1458.98913043	955.411764706	985.875	1156.04	1070.5	1208.125	n/a	891.541666667	n/a	995.054054054	1238.52941176
alpha_rarefaction_2650_3.txt	2650	3	919.5	n/a	1178.94174757	1118.02884615	862.455696203	914.511363636	724.666666667	1363.55882353	1206.06666667	1165.13461538	1058.03658537	1077.84146341	730.2	1241.82608696	1328.98230088	913.329411765	383.222222222	n/a	1051.25	1440.03157895	1014.87341772	1013.4084507	1161.09859155	1190.03846154	1256.70512821	n/a	827.776315789	n/a	913.632183908	1161.33333333
alpha_rarefaction_2650_4.txt	2650	4	958.071428571	n/a	1075.59803922	1182.50526316	937.058823529	1068.4	779.084507042	1304.49514563	1117.87912088	1226.03061224	1015.67857143	1033.68041237	863.488372093	1386.66990291	1440.01041667	986.375	424.695652174	n/a	1076.23404255	1465.83870968	1119.35820896	1033.47887324	1079.01234568	1107.31818182	1238.0125	n/a	898.608108108	n/a	869.9	1229.625
alpha_rarefaction_2650_5.txt	2650	5	919.070588235	n/a	996.758064516	1089.70588235	881.75	1014.1686747	844.641791045	1359.78787879	1320.78481013	1189.27777778	951.75	1092.27058824	792.976744186	1252.68103448	1307.62931034	938.895348837	471.775	n/a	1164.75	1466.68131868	989.7	1011.01282051	1175.28	1126.3253012	1101.8988764	n/a	894.514285714	n/a	934.285714286	1283.85869565
alpha_rarefaction_2650_6.txt	2650	6	874.035294118	n/a	1117.88349515	1128.77659574	861.095890411	976.976470588	769.581081081	1387.29473684	1258.0	1325.06122449	1039.7875	1067.36666667	798.893617021	1312.30769231	1252.75206612	833.4375	452.625	n/a	1127.63157895	1487.06521739	1091.01408451	1002.61333333	1166.61643836	1056.08045977	1193.20930233	n/a	815.5	n/a	894.6375	1329.06896552
alpha_rarefaction_2650_7.txt	2650	7	978.678571429	n/a	1152.32692308	1192.57142857	864.708333333	1055.5	760.435483871	1393.375	1249.85869565	1145.0	1018.7625	1041.06896552	906.621621622	1372.0	1354.16513761	963.325301205	454.519230769	n/a	1158.2826087	1494.2826087	1012.77777778	1006.51388889	1124.7	1092.01234568	1108.01162791	n/a	877.714285714	n/a	936.575	1375.88607595
alpha_rarefaction_2650_8.txt	2650	8	934.10989011	n/a	1231.33333333	1254.33333333	924.47761194	929.510869565	833.973684211	1289.14150943	1110.24489796	1190.77669903	889.358695652	1158.35443038	820.142857143	1359.05714286	1328.33333333	962.693181818	417.6875	n/a	1115.46153846	1529.56818182	981.614457831	940.111111111	1128.46753247	1101.74418605	1101.36363636	n/a	957.328125	n/a	883.727272727	1414.61842105
alpha_rarefaction_2650_9.txt	2650	9	1131.94285714	n/a	1106.9009901	1263.42352941	773.117647059	1043.8961039	791.014285714	1267.79816514	1269.72527473	1388.19318182	1088.79746835	1153.12345679	728.222222222	1298.08333333	1341.65517241	910.011235955	426.256410256	n/a	1090.12121212	1449.48387097	974.886075949	958.784810127	1087.5	1057.22826087	1184.84337349	n/a	951.791044776	n/a	878.666666667	1330.2804878
alpha_rarefaction_2980_0.txt	2980	0	1006.22093023	n/a	1147.26168224	1375.95789474	910.6375	1150.01351351	814.0625	1434.16666667	1260.36633663	1332.3592233	1060.11363636	n/a	779.178571429	1429.67924528	1382.33333333	991.659574468	503.783783784	n/a	1201.0106383	n/a	n/a	n/a	n/a	1180.57303371	n/a	n/a	n/a	n/a	997.7625	1253.64705882
alpha_rarefaction_2980_1.txt	2980	1	918.732673267	n/a	1244.0	1223.30927835	975.040540541	1047.0	819.8	1342.56034483	1208.85416667	1210.88793103	1069.78409091	n/a	848.352941176	1376.80357143	1513.47826087	1114.40740741	412.888888889	n/a	1109.39215686	n/a	n/a	n/a	n/a	1212.96551724	n/a	n/a	n/a	n/a	987.447058824	1367.58510638
alpha_rarefaction_2980_2.txt	2980	2	958.05	n/a	1197.40366972	1167.5	938.684931507	1029.1011236	791.113636364	1390.78899083	1357.6	1448.06315789	1017.5625	n/a	836.0	1392.25	1456.99137931	1013.97826087	457.212765957	n/a	1155.78350515	n/a	n/a	n/a	n/a	1131.38709677	n/a	n/a	n/a	n/a	897.0	1329.875
alpha_rarefaction_2980_3.txt	2980	3	929.21	n/a	1147.50909091	1197.40776699	1034.0	1076.76190476	817.265822785	1361.02727273	1379.03409091	1415.30769231	1057.94382022	n/a	785.113207547	1482.22727273	1413.44354839	908.479166667	472.657894737	n/a	1204.70967742	n/a	n/a	n/a	n/a	1143.83908046	n/a	n/a	n/a	n/a	923.06741573	1222.3
alpha_rarefaction_2980_4.txt	2980	4	944.176470588	n/a	1171.37815126	1199.77570093	934.6375	1060.78571429	863.342465753	1355.33333333	1340.10869565	1343.82524272	975.7	n/a	824.56	1378.24561404	1316.22222222	822.247524752	513.825	n/a	1137.28712871	n/a	n/a	n/a	n/a	1091.64285714	n/a	n/a	n/a	n/a	911.72826087	1370.95789474
alpha_rarefaction_2980_5.txt	2980	5	1013.78021978	n/a	1229.67010309	1228.3	826.10989011	1119.375	797.136363636	1356.92241379	1357.51136364	1309.91588785	1072.76086957	n/a	867.2	1366.89189189	1404.10687023	977.107526882	382.654545455	n/a	1192.30927835	n/a	n/a	n/a	n/a	1142.79787234	n/a	n/a	n/a	n/a	924.24137931	1285.37864078
alpha_rarefaction_2980_6.txt	2980	6	1102.85185185	n/a	1207.87628866	1184.6875	948.47826087	1122.375	899.987012987	1421.90384615	1185.11650485	1221.0	1042.1011236	n/a	785.654545455	1386.51694915	1425.14285714	985.010309278	440.0	n/a	1137.18556701	n/a	n/a	n/a	n/a	1055.08247423	n/a	n/a	n/a	n/a	916.082474227	1254.13207547
alpha_rarefaction_2980_7.txt	2980	7	1014.79545455	n/a	1243.50526316	1194.42990654	890.95	1124.85185185	852.012658228	1349.59459459	1316.96808511	1307.34862385	1146.65517241	n/a	854.75	1292.66666667	1405.55737705	1022.34482759	498.212765957	n/a	1232.4787234	n/a	n/a	n/a	n/a	1190.51111111	n/a	n/a	n/a	n/a	987.333333333	1278.35
alpha_rarefaction_2980_8.txt	2980	8	1034.44827586	n/a	1194.76470588	1286.61702128	852.238636364	1060.83908046	851.075949367	1423.86111111	1210.78301887	1385.9	1066.70114943	n/a	712.454545455	1272.22764228	1380.51694915	1047.78571429	447.568181818	n/a	1195.72527473	n/a	n/a	n/a	n/a	1235.01219512	n/a	n/a	n/a	n/a	930.917647059	1243.69090909
alpha_rarefaction_2980_9.txt	2980	9	1120.70512821	n/a	1114.79487179	1317.48387097	904.0	1053.83529412	839.43373494	1445.18811881	1352.0326087	1239.19090909	1047.35869565	n/a	766.418181818	1262.5483871	1402.46610169	926.941747573	436.20754717	n/a	1168.92857143	n/a	n/a	n/a	n/a	1179.70967742	n/a	n/a	n/a	n/a	964.709302326	1334.14285714
alpha_rarefaction_3310_0.txt	3310	0	945.333333333	n/a	1238.37837838	1255.50925926	980.076923077	n/a	879.074074074	n/a	1228.40178571	1418.72380952	1123.16483516	n/a	790.344827586	1467.875	1389.8358209	1022.01010101	507.625	n/a	1255.67010309	n/a	n/a	n/a	n/a	n/a	n/a	n/a	n/a	n/a	962.604166667	1312.95454545
alpha_rarefaction_3310_1.txt	3310	1	1068.77419355	n/a	1169.14285714	1270.7027027	973.407407407	n/a	911.718309859	n/a	1338.5	1342.30555556	1134.67741935	n/a	785.6	1451.125	1444.44360902	1049.77659574	413.181818182	n/a	1270.30927835	n/a	n/a	n/a	n/a	n/a	n/a	n/a	n/a	n/a	953.157894737	1335.38888889
alpha_rarefaction_3310_2.txt	3310	2	1014.01010101	n/a	1192.48360656	1300.66666667	958.365853659	n/a	960.710144928	n/a	1326.75925926	1370.71794872	1108.66315789	n/a	991.5625	1431.66666667	1395.81538462	1069.96774194	470.571428571	n/a	1245.45454545	n/a	n/a	n/a	n/a	n/a	n/a	n/a	n/a	n/a	1010.59550562	1342.77777778
alpha_rarefaction_3310_3.txt	3310	3	979.80952381	n/a	1234.22727273	1269.45454545	1005.03846154	n/a	888.12345679	n/a	1265.89090909	1357.79824561	1116.3655914	n/a	839.396226415	1349.45238095	1472.00757576	1003.01030928	522.634146341	n/a	1262.8	n/a	n/a	n/a	n/a	n/a	n/a	n/a	n/a	n/a	982.031578947	1385.77669903
alpha_rarefaction_3310_4.txt	3310	4	997.207920792	n/a	1209.20909091	1265.84210526	978.865853659	n/a	859.134831461	n/a	1244.62393162	1340.73873874	1126.53846154	n/a	927.25	1484.19008264	1403.04195804	1052.83870968	512.8125	n/a	1251.85416667	n/a	n/a	n/a	n/a	n/a	n/a	n/a	n/a	n/a	949.060606061	1361.09090909
alpha_rarefaction_3310_5.txt	3310	5	972.990825688	n/a	1203.8	1242.57142857	996.683544304	n/a	928.405063291	n/a	1415.03125	1343.77777778	1108.90625	n/a	801.305084746	1461.95867769	1453.81538462	967.5625	492.021276596	n/a	1229.33663366	n/a	n/a	n/a	n/a	n/a	n/a	n/a	n/a	n/a	985.225806452	1353.64705882
alpha_rarefaction_3310_6.txt	3310	6	971.330188679	n/a	1316.00980392	1294.14678899	993.278481013	n/a	882.012345679	n/a	1266.52586207	1334.25663717	1149.57142857	n/a	905.442307692	1382.65354331	1375.50724638	1057.02325581	511.282608696	n/a	1264.75257732	n/a	n/a	n/a	n/a	n/a	n/a	n/a	n/a	n/a	940.804123711	1408.22330097
alpha_rarefaction_3310_7.txt	3310	7	969.40952381	n/a	1173.775	1306.62264151	984.225	n/a	853.512820513	n/a	1329.19811321	1327.62931034	1116.3655914	n/a	850.172413793	1396.248	1417.88888889	1023.29473684	472.23255814	n/a	1240.0	n/a	n/a	n/a	n/a	n/a	n/a	n/a	n/a	n/a	958.288659794	1400.98039216
alpha_rarefaction_3310_8.txt	3310	8	997.852941176	n/a	1208.55263158	1325.69811321	959.917647059	n/a	834.908045977	n/a	1290.25961538	1320.08256881	1110.95744681	n/a	858.352941176	1472.36585366	1387.52142857	1151.77647059	487.92	n/a	1254.4787234	n/a	n/a	n/a	n/a	n/a	n/a	n/a	n/a	n/a	972.53125	1314.44642857
alpha_rarefaction_3310_9.txt	3310	9	1046.17346939	n/a	1199.52631579	1282.38888889	988.886075949	n/a	843.048780488	n/a	1263.79816514	1376.6728972	1102.43617021	n/a	891.944444444	1436.60465116	1492.25984252	1041.82105263	510.058823529	n/a	1239.0	n/a	n/a	n/a	n/a	n/a	n/a	n/a	n/a	n/a	971.0	1360.85714286