#	sequences per sample	iteration	Feces150	Feces171	Feces235	Feces238	Feces240	Feces241	Feces242	Feces243	Feces244	Feces245	Feces246	Feces247	Feces248	Feces249	Feces250	Feces251	Feces252	Feces288	Feces294	Feces309	Feces314	Feces32	Feces352	Feces386	Feces45	Feces501	Feces54	Feces599	Feces641	Feces659
alpha_rarefaction_10_0.txt	10	0	1.56935	1.5723	2.01575	1.72339	1.25695	2.9374	2.3763	1.96534	2.7906	1.82576	1.54906	1.66228	1.73308	1.56701	1.98891	2.41104	1.74208	1.95089	1.96731	1.51428	2.06357	2.30358	2.56161	1.78	1.54336	2.46848	1.62043	1.56799	1.05449	1.78334
alpha_rarefaction_10_1.txt	10	1	1.76206	1.9534	2.01347	2.0882	1.49715	2.04648	1.96681	1.56767	1.85125	1.53071	2.20664	2.06568	1.43217	2.29329	2.66635	2.33987	1.24486	0.93778	1.84641	1.72717	2.27481	2.44408	1.99105	1.5965	2.1487	1.67228	2.30537	2.49685	0.59124	2.28993
alpha_rarefaction_10_2.txt	10	2	2.27297	1.63874	1.90698	1.25492	2.44143	2.33458	2.66315	1.70815	2.36741	1.40564	1.89432	1.57957	2.47972	1.92892	1.54657	2.12888	0.93557	2.14946	2.30451	2.11271	2.17054	1.88136	1.36243	1.67997	2.57687	1.97347	1.57576	1.2318	1.45745	2.26509
alpha_rarefaction_10_3.txt	10	3	2.06935	1.7046	1.87096	2.21106	1.89934	2.34323	2.43086	2.13592	1.55507	1.59737	2.04897	1.60237	2.61678	1.74527	2.48183	2.14241	1.73823	1.95821	1.09347	2.2035	2.20132	1.54488	2.2933	1.89474	1.56446	1.89551	2.30516	1.50552	1.78189	1.44574
alpha_rarefaction_10_4.txt	10	4	1.09739	2.17892	1.95298	2.5567	2.17022	2.23298	2.292	1.88904	1.59761	1.93356	2.01614	2.30271	1.90418	2.07143	1.21024	2.12355	1.79927	1.95168	1.71961	1.8764	2.41614	1.66007	1.64065	2.15956	2.13273	1.55737	1.42147	2.31555	1.87533	2.32805
alpha_rarefaction_10_5.txt	10	5	1.70936	2.46861	2.34287	1.87278	2.02862	1.59292	2.10247	1.39611	2.20435	2.50547	2.15107	2.04276	1.96076	1.87155	2.30504	2.51354	1.90565	1.99934	2.25328	1.69914	2.0961	2.65555	1.58078	2.22583	2.812	1.53712	1.5364	1.99594	1.27152	2.5078
alpha_rarefaction_10_6.txt	10	6	1.19631	1.87442	1.15749	2.30905	2.436	1.94928	1.57317	2.79162	0.80148	2.41591	2.02056	1.74181	1.54436	1.75694	2.27237	2.3072	1.64255	1.87209	1.85618	2.38636	1.81888	2.29506	2.042	2.46804	1.88438	1.85632	1.45377	1.81064	2.4536	1.67404
alpha_rarefaction_10_7.txt	10	7	2.26499	1.5064	2.4462	1.76943	1.79091	1.8182	2.31535	1.87378	1.90113	2.63524	1.55323	1.26485	1.67837	2.52786	2.13054	1.3119	1.84478	1.56568	2.38506	2.2919	1.8202	2.1159	2.588	1.3281	2.16979	1.1252	1.44217	1.75566	0.95438	1.90923
alpha_rarefaction_10_8.txt	10	8	1.16372	1.44131	2.61302	2.38927	2.22574	1.60368	1.62135	1.36125	2.53448	2.60239	1.74635	1.94038	1.58418	2.02748	1.81444	2.0413	1.29075	2.04442	2.0959	2.31232	2.02296	2.41651	1.85289	1.65475	1.7649	2.08213	2.01932	2.11597	1.4613	2.12531
alpha_rarefaction_10_9.txt	10	9	0.96462	2.02871	1.16709	2.42717	2.106	2.32135	1.96543	2.41733	1.97403	2.00665	2.61952	3.01936	1.77914	1.39301	1.49958	1.54355	1.07864	1.7396	1.50528	1.89372	1.87628	1.60641	2.04634	1.23282	2.40581	2.56227	1.99688	2.03775	1.36764	1.62604
alpha_rarefaction_340_0.txt	340	0	13.97288	14.22018	16.65124	16.59734	14.42493	15.88959	13.29097	16.17215	15.56824	17.07725	15.77075	17.00101	11.76802	16.37547	16.71028	15.19794	9.38999	16.07842	14.01658	17.57888	15.18689	15.64653	15.66853	15.09989	16.68246	13.39485	15.72598	15.51113	12.69379	15.49429
alpha_rarefaction_340_1.txt	340	1	14.07174	13.80419	17.20084	16.64236	15.37807	15.41734	13.94602	16.80464	14.92732	13.94257	15.89743	15.96399	13.06404	19.60996	15.55064	14.08262	9.05039	15.4287	16.42583	15.94254	15.56367	16.38949	15.5681	14.89041	16.02649	14.66654	14.57147	14.77239	14.23847	16.71648
alpha_rarefaction_340_2.txt	340	2	14.26829	14.42071	17.01539	15.53941	15.63821	14.15407	14.52521	16.11856	16.13141	15.50226	15.43328	16.33286	11.53937	17.10557	17.30788	15.00474	7.68583	16.51235	13.56595	16.60313	15.25681	16.25383	16.04321	15.20022	16.17167	14.4685	14.95011	15.31778	12.55307	15.55941
alpha_rarefaction_340_3.txt	340	3	13.94769	14.92297	17.4258	15.69538	15.33	15.24279	13.92077	15.68048	16.71895	16.6928	15.54827	14.3273	13.10425	17.78864	15.25147	13.02594	8.9622	15.39425	15.81242	16.49187	15.99688	16.4024	15.16918	14.33493	17.21044	14.04875	14.98995	14.26729	13.53397	16.74028
alpha_rarefaction_340_4.txt	340	4	15.48567	13.59517	15.49044	16.75048	15.72611	15.1404	14.59834	16.53489	15.87315	15.07757	15.20309	14.27864	11.62183	17.72175	18.19244	15.79466	7.97415	16.87936	14.76138	17.24194	14.53832	17.02357	16.46958	14.81337	15.58667	13.71078	14.30352	15.72194	12.49297	15.84825
alpha_rarefaction_340_5.txt	340	5	14.8699	15.94406	16.72939	16.87253	14.14384	14.58266	15.38349	15.22249	14.67117	17.1548	16.59714	15.7068	12.29722	17.3115	16.06354	14.17449	7.91288	15.4908	16.01429	17.09381	15.25269	15.50565	16.6262	14.59715	16.3726	13.27364	13.05781	14.56909	12.35443	16.43027
alpha_rarefaction_340_6.txt	340	6	13.27338	14.24291	17.20846	16.89449	15.58168	13.41328	14.6445	16.50025	15.10389	15.29409	14.67576	15.19812	13.01547	18.32103	16.47425	13.783	8.80823	16.33074	15.7504	16.31591	15.6433	16.94003	16.49807	15.2627	16.53906	13.85337	14.36352	15.88072	13.30193	15.22165
alpha_rarefaction_340_7.txt	340	7	12.88605	15.03896	16.0561	16.93626	15.71003	15.51877	13.37448	16.61752	14.82258	15.46554	17.06813	15.21135	12.09848	17.196	15.98381	14.24187	7.7085	16.33609	14.86318	15.96166	15.96475	16.29079	15.32702	15.35237	16.91912	14.02928	13.12966	14.90784	12.3831	15.50854
alpha_rarefaction_340_8.txt	340	8	13.01217	14.49326	17.11876	15.85283	14.56162	14.98023	13.68517	16.5788	14.4401	16.11394	15.64511	14.81789	12.83309	17.58779	15.88196	16.29126	8.47905	15.04266	14.80481	18.1433	13.99011	16.33279	15.30205	15.08637	16.00023	15.93018	14.47046	14.90478	12.54268	15.33077
alpha_rarefaction_340_9.txt	340	9	12.83038	14.64813	17.38117	15.69427	15.41822	14.19407	14.58407	16.16048	15.15567	15.44456	14.45891	14.49362	12.68867	17.64865	17.21746	13.00345	8.35836	15.51575	14.3221	17.23248	15.67002	16.13428	14.99416	14.85616	15.82617	14.65917	14.13341	14.39091	11.68779	16.93794
alpha_rarefaction_670_0.txt	670	0	18.61461	18.64067	21.67184	21.89618	20.16466	19.28916	18.10457	23.14117	20.50158	22.41822	20.99794	21.10902	16.29829	22.87526	22.98871	20.53581	11.39052	20.79586	20.98906	23.31589	20.4129	21.22627	22.09063	19.60449	22.75279	17.20322	18.76367	19.31395	18.34427	21.75965
alpha_rarefaction_670_1.txt	670	1	19.68682	20.2454	22.34264	22.57022	19.5561	20.85072	18.24219	21.88828	21.08418	23.19038	20.43828	19.58605	15.71911	24.37116	22.4813	19.62168	12.06723	20.60113	20.73676	23.32857	21.02546	22.11275	20.39539	21.03151	20.87405	18.21466	19.85485	18.94957	18.90875	21.08804
alpha_rarefaction_670_2.txt	670	2	18.48982	20.12558	22.52122	21.63777	20.88938	20.54095	18.32326	22.86462	21.49453	20.65851	20.52484	20.60244	16.26967	21.22127	22.44776	20.64501	11.71529	20.65013	20.14126	23.6938	19.22356	20.57894	21.2679	21.14634	20.40738	18.4704	19.47165	19.38558	17.59187	22.55236
alpha_rarefaction_670_3.txt	670	3	20.37671	18.56144	21.70185	22.87113	20.45848	19.90953	18.48578	22.17506	21.65691	21.99923	19.60894	21.27956	17.23508	23.4151	22.34909	19.85647	11.282	21.22385	20.36473	23.76427	20.0133	21.45555	20.94958	19.98571	19.68326	18.93581	19.7585	18.75983	17.25214	22.47625
alpha_rarefaction_670_4.txt	670	4	20.2864	19.50116	22.9447	22.50613	19.64128	20.79412	18.87589	22.18276	22.24762	22.16971	21.41525	21.51185	16.20717	22.97041	22.48623	20.14512	11.48069	22.22041	20.95361	22.52417	21.19163	19.98208	21.27344	19.90357	20.87717	17.9406	17.88387	18.37395	17.70324	21.34561
alpha_rarefaction_670_5.txt	670	5	18.6314	18.76957	23.16025	22.97616	20.66679	20.05778	18.56966	21.91831	22.311	21.88051	20.65034	21.1827	16.86299	22.5058	23.35711	18.98782	13.51665	21.69333	19.98634	23.36188	20.68532	20.41945	22.34828	19.56261	22.38117	18.02247	18.84659	18.05247	17.58217	21.91604
alpha_rarefaction_670_6.txt	670	6	18.50884	18.9167	23.30767	22.488	19.12481	19.33156	18.16195	23.04589	20.85356	20.68927	20.31994	20.79691	17.1404	23.87919	21.63906	19.10736	11.3022	20.5125	20.7698	23.36887	21.32808	20.58821	20.77764	21.10784	19.36874	18.42508	18.76963	19.49502	17.83069	21.41568
alpha_rarefaction_670_7.txt	670	7	19.30197	19.08618	21.36358	22.31975	19.90746	20.14397	18.58373	22.01819	22.27589	22.24538	19.17507	20.10149	16.48625	23.26901	22.54155	21.53621	11.52562	21.04163	20.21113	25.00694	20.62634	22.14359	20.68717	19.10757	21.61505	18.27532	20.28407	18.49978	16.82207	20.7718
alpha_rarefaction_670_8.txt	670	8	19.88108	18.93239	20.92105	21.62568	20.08216	20.67392	18.92611	21.12443	20.99692	21.95904	20.25785	21.4962	16.00999	25.02631	21.34217	20.37343	12.04034	20.87686	18.35273	23.32116	19.64909	20.89803	20.61171	20.44603	20.7733	18.77953	20.03857	19.86476	17.33644	22.62497
alpha_rarefaction_670_9.txt	670	9	19.69608	18.73699	21.70685	21.60182	19.04209	19.22987	17.8122	22.19616	21.93885	21.77917	20.29569	21.94506	16.43646	23.13095	20.49882	18.69695	11.19553	22.29079	21.74406	24.09057	19.7051	22.13298	20.04727	20.04219	21.2983	17.68312	18.13841	19.3284	17.01685	22.24656
alpha_rarefaction_1000_0.txt	1000	0	23.35323	23.1654	26.01598	26.89632	23.18341	23.4721	22.45171	25.7437	25.74288	24.72199	24.55947	23.95169	19.78115	27.73556	27.08341	23.71458	13.67117	24.29053	24.27706	28.79997	23.7376	25.02022	24.82994	23.95104	24.20836	20.16316	22.02664	22.60696	20.79925	24.78206
alpha_rarefaction_1000_1.txt	1000	1	23.81839	21.47053	26.59592	26.39358	22.46926	23.50558	21.59856	27.34731	25.13804	26.32392	24.81054	24.3552	19.18067	26.26093	27.32112	22.22451	13.58897	24.69368	24.95766	28.75206	22.92726	24.49906	24.90482	23.30002	25.36866	21.03436	22.71549	21.53735	21.13027	26.09374
alpha_rarefaction_1000_2.txt	1000	2	23.18834	22.03239	27.00727	26.47044	23.46261	24.86103	20.70874	25.78525	25.42966	24.89921	24.55401	24.40388	20.04212	26.14379	25.45635	21.7091	14.07951	24.89486	24.40889	28.31028	23.89368	25.52449	24.26196	23.79671	24.28715	20.51584	22.98024	22.2467	19.60658	26.67509
alpha_rarefaction_1000_3.txt	1000	3	23.91039	21.25213	25.59124	26.99851	22.46829	23.25776	21.17059	25.13524	24.43074	23.81109	24.83328	24.36701	20.50727	26.3301	25.15305	22.78711	13.65073	23.42788	24.71367	26.96621	22.22367	24.57267	25.44313	22.70328	23.49685	21.20822	22.88312	22.29363	19.93333	25.60605
alpha_rarefaction_1000_4.txt	1000	4	24.24531	23.02938	26.5663	24.51713	22.80669	23.42838	21.12057	26.75417	24.80984	23.46544	26.20924	23.7442	20.17177	27.64675	27.4204	24.32414	14.116	25.62074	23.93562	29.11828	24.72877	25.97525	24.23187	23.56701	24.74894	21.05501	22.01044	22.37556	19.79493	27.03155
alpha_rarefaction_1000_5.txt	1000	5	22.43776	23.03901	28.02622	25.74041	22.81913	23.90858	22.00918	25.93417	25.56132	25.23202	24.10002	24.2147	18.98931	28.93738	26.32884	23.23982	13.17486	26.32072	24.5719	28.87628	24.49761	24.67948	24.5112	23.39546	23.83833	21.14317	22.01042	21.81872	20.87223	25.6388
alpha_rarefaction_1000_6.txt	1000	6	23.62435	20.82756	24.91951	26.69283	22.09665	21.74893	21.72562	25.95078	24.9933	26.32255	24.83779	25.1296	19.58998	27.25219	25.62806	22.00491	13.94865	24.42647	24.89964	27.79353	24.51218	25.41155	25.19955	23.33288	23.42012	21.31016	21.71643	21.92614	19.92842	26.24349
alpha_rarefaction_1000_7.txt	1000	7	21.41345	21.84331	24.79	26.13018	23.58796	23.88296	22.8205	26.56139	24.17486	26.65969	23.27859	24.25604	18.55713	27.5353	27.56856	23.5971	13.88044	25.51216	22.77103	26.93956	22.66682	24.48048	24.77507	23.42543	23.26627	21.77663	22.66992	21.18073	20.26344	26.51826
alpha_rarefaction_1000_8.txt	1000	8	21.75159	23.80296	26.53133	26.08125	22.45299	23.55002	22.51226	26.45951	24.62057	26.44229	23.95674	22.72885	18.29607	26.67682	25.97275	21.33382	13.28105	24.12649	23.89949	27.66395	23.94493	24.61796	23.73857	23.6612	24.3007	20.50809	23.08008	22.46166	20.9822	25.23575
alpha_rarefaction_1000_9.txt	1000	9	22.77429	21.8319	25.77142	25.33237	22.6406	23.70341	21.92282	25.69264	25.43477	25.06397	24.73434	22.89978	20.45763	27.86724	27.7255	22.11622	14.45641	24.46013	24.67561	28.01416	24.6428	24.73597	25.10636	23.45008	24.79751	21.11919	22.19575	22.79411	21.31367	26.36262
alpha_rarefaction_1330_0.txt	1330	0	23.49609	24.06447	30.68434	28.38894	25.69312	25.75193	22.8082	28.69715	27.66663	28.60095	26.65787	26.58504	21.79227	31.06705	29.75573	25.18972	15.58079	27.35866	27.12929	32.95633	26.5687	27.79317	28.56598	27.52374	27.39729	23.34635	25.52227	23.27492	21.32481	29.28642
alpha_rarefaction_1330_1.txt	1330	1	24.52348	24.51654	29.48859	28.65846	25.12982	26.11142	24.6893	28.60051	28.09284	29.37271	27.5136	27.91576	21.14955	32.03636	29.60533	24.84357	14.77374	27.16689	26.52388	30.59462	26.16703	27.84169	27.72591	25.89719	26.70359	23.228	25.65735	24.12354	23.61326	30.59499
alpha_rarefaction_1330_2.txt	1330	2	25.07194	24.52216	28.79775	28.55525	25.43664	25.25785	23.77607	28.46231	26.71554	27.28818	27.58361	26.45089	21.16169	32.46542	29.55884	26.1874	16.42697	27.25731	27.82453	31.76076	26.67175	26.56042	26.94206	26.06661	27.32527	23.2798	24.64293	25.72622	23.23517	29.67407
alpha_rarefaction_1330_3.txt	1330	3	25.06467	25.21704	30.7167	29.65449	24.68011	25.1812	23.92758	28.58902	28.69713	28.91843	27.23277	26.85275	21.22485	30.63005	31.76766	25.55512	14.8515	27.27499	26.66998	30.94784	25.6188	27.10136	28.59151	26.65263	26.52547	23.53887	24.84125	23.96317	22.96602	28.09309
alpha_rarefaction_1330_4.txt	1330	4	25.10902	23.6542	29.55258	29.64946	26.27016	25.89307	23.53958	28.21385	28.61111	29.55002	27.33491	26.88806	21.10307	31.58447	29.85008	25.74491	15.5539	27.17735	26.54532	31.62435	26.45973	27.32576	28.34807	26.02166	28.05528	23.41004	24.62245	24.71402	23.52297	29.93181
alpha_rarefaction_1330_5.txt	1330	5	25.76	25.48426	29.42212	29.4067	25.01442	26.43242	23.25324	28.34134	27.60178	29.16071	28.36964	26.31461	21.5591	31.0018	30.42956	25.9755	14.94632	27.30489	26.63084	31.76693	25.83976	27.59184	26.82021	26.58076	25.21597	23.11054	25.73111	24.20782	23.88518	27.82468
alpha_rarefaction_1330_6.txt	1330	6	26.28972	23.90448	29.27253	28.9362	24.63302	25.73808	24.06476	27.93105	28.3775	29.01448	26.68315	26.06671	21.57023	29.73871	29.7456	25.3208	16.80346	28.26862	27.84884	31.51268	25.43289	28.5051	27.58334	26.75731	27.2289	22.52839	24.86168	23.87986	21.8614	30.04408
alpha_rarefaction_1330_7.txt	1330	7	25.2038	24.30022	29.35599	28.55917	26.17381	26.69612	23.56383	28.05249	27.95903	27.93257	27.92993	26.44029	22.00577	29.43641	30.12415	25.40893	15.43061	28.14769	26.10388	31.32465	25.94144	26.54204	28.28296	25.34592	26.4016	22.27956	24.52948	23.66654	23.95531	28.79337
alpha_rarefaction_1330_8.txt	1330	8	24.35692	25.09331	28.21319	30.16462	25.37664	25.09998	23.62352	28.79069	27.66543	28.7765	27.10322	26.51198	21.43465	30.14232	30.04411	27.35412	14.76763	27.88916	28.11991	29.78286	27.21499	27.51167	27.16203	25.89238	26.2584	22.51389	24.20003	23.80007	22.51803	29.52572
alpha_rarefaction_1330_9.txt	1330	9	25.2621	25.03877	29.55649	28.97956	24.89193	25.32218	24.26545	29.72673	27.81335	28.49516	27.77693	26.63927	22.19586	31.6375	30.34694	27.47482	15.9713	28.04788	27.15265	30.62635	26.68825	27.17045	27.44093	25.71348	28.21747	23.40881	24.00598	24.85868	23.42037	29.5012
alpha_rarefaction_1660_0.txt	1660	0	27.11636	26.25989	31.68096	31.02752	27.90843	28.77404	24.4723	32.55796	30.73709	31.17505	29.13508	29.10565	23.17566	32.56502	34.06796	28.10835	17.16692	30.07119	29.39886	33.65018	27.17028	29.09274	29.84389	29.40617	30.10183	23.77063	26.32655	25.23719	26.09586	31.23201
alpha_rarefaction_1660_1.txt	1660	1	27.05767	27.57341	31.85269	31.98177	26.7301	28.9492	25.42421	31.12639	30.46962	30.81297	30.0216	28.88845	23.59363	32.1462	33.79422	28.01515	15.73193	29.95357	29.37311	33.75627	29.13136	29.74097	30.09076	28.90316	29.29652	24.44199	26.85255	25.7096	25.42829	31.1303
alpha_rarefaction_1660_2.txt	1660	2	27.4244	26.95822	32.0546	31.39492	26.41267	27.55416	23.92835	31.36755	30.62138	31.1721	29.87714	29.7941	22.95452	32.14377	33.40833	28.1961	17.94182	29.70325	31.2345	33.33149	28.30148	28.82993	29.41275	29.93049	29.30577	24.25736	26.5745	26.64793	25.29302	31.843
alpha_rarefaction_1660_3.txt	1660	3	28.00994	25.88319	31.51512	31.55266	26.11256	27.18379	27.03024	31.46027	30.27813	30.68554	29.86294	27.64347	22.78485	33.11319	34.37577	28.09052	17.32989	29.47049	31.05929	33.32883	28.41572	30.16102	29.71602	28.00086	27.6909	23.8585	27.39806	26.88706	25.93339	30.80028
alpha_rarefaction_1660_4.txt	1660	4	27.64243	27.40214	33.27189	30.71461	27.20835	28.57953	25.31343	31.33441	31.43843	30.86983	30.24544	30.06451	23.38197	32.36618	32.05301	27.40675	15.29915	29.47879	30.29296	34.31492	28.45193	29.29476	30.20527	29.81545	29.57202	24.58363	25.87346	26.6654	26.33964	31.0627
alpha_rarefaction_1660_5.txt	1660	5	26.77798	27.10833	31.92343	31.81117	27.12428	29.38192	27.28869	31.29224	30.24368	29.91826	29.51065	28.88343	23.02874	33.50441	32.12484	28.08596	18.00972	30.22289	29.18982	33.43824	29.18802	28.92255	30.24315	28.72854	30.21908	24.67894	26.24665	26.31199	24.85714	31.73733
alpha_rarefaction_1660_6.txt	1660	6	27.79873	27.16567	31.89379	30.45097	27.6368	28.61452	26.69345	30.6511	30.67752	30.9572	29.51718	28.34848	22.57507	32.42016	31.67119	27.5339	17.42768	29.55632	29.35749	33.85934	27.53188	28.87487	29.86995	28.44866	29.46638	24.28756	27.06192	26.0605	25.55523	32.63903
alpha_rarefaction_1660_7.txt	1660	7	27.64119	27.58969	31.15539	31.4636	26.70932	28.19258	25.18036	31.31643	31.98915	30.7847	29.88718	28.48471	24.53229	33.52056	33.9617	27.10821	17.16611	29.77034	30.17059	35.33566	29.04195	30.15649	29.4182	28.82467	29.95075	24.22706	26.3638	25.79024	24.33449	31.91574
alpha_rarefaction_1660_8.txt	1660	8	27.84259	26.767	31.59649	31.97226	27.23925	28.20524	26.02126	31.21382	30.53026	30.01529	29.27047	28.11372	23.35871	32.90744	33.82473	27.5434	17.35296	29.67218	29.70448	33.72294	27.99328	29.33146	29.83734	29.66687	29.90023	24.48106	27.11199	26.50253	23.85301	32.04642
alpha_rarefaction_1660_9.txt	1660	9	26.26596	26.16738	32.48756	30.48302	27.36448	29.35987	25.64988	32.21877	31.1207	31.92633	29.89096	29.61677	23.35248	34.36612	32.53029	27.56668	17.07714	30.10987	30.18013	33.25742	29.12823	29.84575	29.96172	28.87601	30.10712	24.32827	26.61568	26.00587	25.32595	31.28217
alpha_rarefaction_1990_0.txt	1990	0	28.49412	28.81176	33.70483	34.01368	29.70634	30.62792	27.15356	33.20394	32.28239	33.25665	31.43701	31.30993	23.52168	35.23663	34.95277	29.87915	17.43915	31.23083	32.29862	36.56175	30.99434	31.11353	32.02615	30.83059	32.27863	25.68432	28.4878	27.57398	27.99348	34.33962
alpha_rarefaction_1990_1.txt	1990	1	29.55387	27.47937	34.07069	34.14575	28.32554	30.46353	26.87045	33.81469	33.49873	33.73819	30.64942	31.42807	25.3048	35.98908	35.31981	31.35968	18.32395	31.58084	31.61103	36.16796	29.72897	31.44361	31.25486	31.6199	29.76925	25.65161	29.53306	27.63904	27.29378	33.99511
alpha_rarefaction_1990_2.txt	1990	2	28.49549	28.57102	33.33228	33.1049	29.14644	30.30236	26.68956	32.95143	32.8087	32.79789	32.31532	30.48838	24.41357	35.95798	34.95229	29.27037	17.14337	30.78001	33.04811	36.97583	29.89117	29.6579	31.93226	29.68097	32.47596	25.68785	28.25086	27.75209	26.60135	33.54713
alpha_rarefaction_1990_3.txt	1990	3	29.5005	28.79309	34.36982	32.35279	28.14727	31.18694	27.32875	33.55959	32.63585	32.85707	31.27384	30.4354	24.32237	34.31364	35.61307	29.25286	16.63328	32.55395	32.49269	35.54023	30.74409	31.98707	32.03006	30.54422	31.14988	25.40026	28.9455	27.80547	26.56519	34.4347
alpha_rarefaction_1990_4.txt	1990	4	29.2267	28.7704	33.90489	32.9275	28.94258	30.27583	27.50696	33.743	33.26037	32.89686	32.18593	31.28106	24.1303	35.41836	35.42362	29.72318	18.03987	32.24299	33.35747	36.83	29.95476	31.06436	31.33453	31.42142	31.36002	25.52475	27.95228	27.60302	26.21642	33.81173
alpha_rarefaction_1990_5.txt	1990	5	29.37203	28.56036	33.73443	34.28278	29.23154	30.33855	27.04913	34.23399	33.63852	33.24573	32.15953	31.27669	25.00748	34.64066	34.31819	30.10472	16.99001	31.44439	32.18836	36.27979	29.54906	30.59628	31.62201	31.26521	31.80448	25.77393	28.15984	28.25345	26.65657	33.97056
alpha_rarefaction_1990_6.txt	1990	6	29.68735	28.54553	32.95541	33.72431	29.35518	30.31724	27.14378	33.5844	32.46527	32.86332	31.66804	30.81583	23.45058	35.98755	34.55525	29.5066	17.82223	31.55874	31.3571	35.98345	28.53641	30.80093	31.06432	31.42203	31.50766	25.47351	28.84946	27.74418	26.34129	33.9067
alpha_rarefaction_1990_7.txt	1990	7	29.1281	27.45454	34.31189	33.67705	28.9826	29.98934	26.60711	33.67937	33.83424	32.84531	32.07395	31.85655	25.09019	35.40979	35.01354	29.82095	18.70255	31.39722	32.00374	36.45688	30.29615	31.47	31.95831	31.87877	32.27894	25.62866	29.02539	27.5789	25.86589	32.6984
alpha_rarefaction_1990_8.txt	1990	8	30.23175	28.62955	34.41331	33.70651	28.67089	30.41155	27.43516	31.90683	32.82051	32.87385	31.25836	30.1023	24.05235	36.28293	33.97996	29.15448	18.70304	31.89456	32.57667	36.21528	29.99048	30.78502	31.90931	30.40914	31.75076	25.76748	28.78009	27.59045	26.8758	34.88851
alpha_rarefaction_1990_9.txt	1990	9	28.92954	28.45829	33.09531	32.71399	28.39402	30.0534	26.70036	33.95218	33.05022	33.53945	32.26228	29.88364	24.28284	36.90561	35.17268	29.22605	18.85757	31.31994	32.71216	36.42566	29.97282	30.40347	31.02133	32.29685	30.53217	25.6298	28.72356	28.22685	26.74926	34.46106
alpha_rarefaction_2320_0.txt	2320	0	31.0616	29.71315	34.31294	35.75038	29.96342	32.11474	29.06769	35.66483	35.35151	33.8098	33.43542	31.7242	25.05587	37.05622	35.99609	31.69499	19.77522	33.07394	33.66463	38.35887	31.17655	32.91371	34.06157	33.2995	33.77156	n/a	30.62736	29.17762	28.34422	34.85141
alpha_rarefaction_2320_1.txt	2320	1	31.59272	30.25688	35.61053	34.93882	30.08614	32.1567	29.42559	36.42425	34.97221	34.56018	33.09841	31.32962	25.2047	37.68407	36.51609	32.02812	19.53466	32.90584	34.61511	37.36654	32.07839	32.82548	33.64807	33.04324	32.58508	n/a	30.30916	29.24231	28.74218	35.12423
alpha_rarefaction_2320_2.txt	2320	2	31.13541	29.87302	35.41354	35.49211	30.03727	32.39009	30.18153	35.88486	34.96729	34.8893	33.41639	32.42753	26.43867	38.03849	37.28973	30.91195	19.65806	33.09105	34.95118	38.40408	31.47958	33.22934	32.9994	33.75221	32.67084	n/a	30.32439	29.23177	28.51677	35.31116
alpha_rarefaction_2320_3.txt	2320	3	29.75528	29.55206	36.37183	35.45511	29.66867	32.2932	28.40341	35.77959	34.9109	34.7216	33.74475	32.15193	26.33633	37.04858	37.84088	31.80063	19.23082	33.03473	34.76408	37.36991	31.4566	33.147	33.00971	32.47271	33.52801	n/a	29.60199	29.20316	28.45653	34.96816
alpha_rarefaction_2320_4.txt	2320	4	31.12385	30.66223	35.75508	35.90234	30.72978	32.7517	27.99009	34.77879	33.49706	34.10215	35.04961	32.71339	25.39994	38.11005	38.19393	31.04621	18.4671	33.22092	34.12457	38.37296	31.90164	32.8043	33.66402	32.80756	32.99001	n/a	30.0922	29.25723	29.17258	35.80426
alpha_rarefaction_2320_5.txt	2320	5	31.34081	29.54163	36.08637	35.33187	30.38115	32.44333	29.22257	35.61873	33.78289	34.77425	32.82347	32.89914	26.67539	37.98569	36.47273	31.59696	18.68027	32.93958	34.09791	38.75447	32.0726	32.97048	33.62024	33.79766	33.43248	n/a	30.13346	29.21369	28.43926	36.45613
alpha_rarefaction_2320_6.txt	2320	6	31.39667	29.90085	35.08845	35.86335	30.0123	31.45271	28.01291	35.52295	33.70741	35.19392	33.13562	32.32314	26.45804	37.93849	37.78797	30.85354	18.99876	32.84157	34.36807	38.12234	31.81766	32.70182	34.18165	32.33524	33.80354	n/a	29.96136	29.20236	28.60622	34.7759
alpha_rarefaction_2320_7.txt	2320	7	30.15437	29.74248	36.01384	35.63292	30.49854	32.26179	28.19521	35.4799	35.63709	35.39462	33.15535	31.51253	25.68475	37.02052	37.13981	31.32003	19.53061	33.24775	33.90413	37.80445	32.15691	32.24369	33.74584	32.10082	34.11338	n/a	30.69275	29.25245	28.86148	36.02748
alpha_rarefaction_2320_8.txt	2320	8	31.19607	29.63451	35.70132	34.46511	30.4558	32.57323	28.24468	36.06433	35.06308	34.17037	33.28084	32.44411	25.97221	37.70028	37.02251	30.93077	17.76102	32.73085	34.19288	38.48546	32.10769	33.4027	33.81485	32.17647	33.02044	n/a	30.71235	29.23663	27.91961	35.74383
alpha_rarefaction_2320_9.txt	2320	9	31.01014	30.26617	36.62265	34.87135	30.66152	31.21413	29.43765	35.60099	35.75216	35.40422	32.64191	32.10782	25.58632	38.17881	37.14058	31.86009	18.86339	33.0134	34.71157	37.81487	31.90794	33.1227	33.35426	33.10382	34.08722	n/a	30.58635	29.16929	27.13555	35.60442
alpha_rarefaction_2650_0.txt	2650	0	32.32842	n/a	37.06941	36.23655	31.44887	33.91689	30.01664	37.30104	36.34368	37.4857	34.9762	33.76015	27.52788	39.91883	40.53524	33.08739	20.36285	n/a	36.11058	40.00131	33.33262	34.45701	35.07525	33.90192	35.81994	n/a	31.66642	n/a	30.73034	37.63887
alpha_rarefaction_2650_1.txt	2650	1	32.02568	n/a	36.81744	37.57816	31.38956	33.80775	30.27186	37.89686	37.80057	35.96151	34.92555	33.96473	26.68923	38.96612	39.40853	33.28738	19.97076	n/a	35.53733	40.24944	33.1119	34.53129	35.23262	34.27299	34.97528	n/a	31.77331	n/a	29.13141	38.02266
alpha_rarefaction_2650_2.txt	2650	2	31.69429	n/a	36.86999	37.36216	31.01606	33.50323	30.59547	37.93299	37.0563	36.97456	35.52828	33.7804	26.73325	38.61411	38.93372	32.66047	20.47042	n/a	35.33568	40.09465	33.43544	34.05483	35.13117	34.36526	34.82317	n/a	31.61593	n/a	30.00875	36.5784
alpha_rarefaction_2650_3.txt	2650	3	32.49532	n/a	37.6768	36.99034	31.98709	33.50815	28.8761	37.52737	37.0052	36.17052	34.54182	33.10626	26.92254	39.1947	39.04869	32.92102	19.63489	n/a	35.271	40.32558	33.04725	33.91048	35.05411	34.38506	35.00604	n/a	31.31604	n/a	30.01117	37.94014
alpha_rarefaction_2650_4.txt	2650	4	32.66319	n/a	36.42957	36.68732	31.33402	33.67139	29.8443	37.57777	34.91481	36.58634	34.77153	34.09362	27.63287	39.61378	38.85902	32.28316	20.68797	n/a	35.13476	40.45852	33.34103	33.91227	35.06891	34.49016	35.68798	n/a	32.07655	n/a	30.29738	37.32934
alpha_rarefaction_2650_5.txt	2650	5	32.21742	n/a	37.44079	36.84124	31.48515	34.30897	29.76717	37.31962	35.91149	37.86021	34.99232	33.8442	26.62229	38.71995	38.72562	32.44882	20.25811	n/a	35.67156	40.12702	33.42927	34.2749	35.3624	34.93241	34.75218	n/a	31.50015	n/a	29.66535	38.25696
alpha_rarefaction_2650_6.txt	2650	6	31.54997	n/a	36.84586	36.27513	31.50215	33.4224	29.43528	37.66063	36.76462	37.52645	35.19381	34.20867	27.25114	39.41737	37.85764	31.38707	20.43415	n/a	36.1325	40.44613	33.25071	34.01832	34.89781	34.4038	34.81933	n/a	31.56307	n/a	29.7278	37.57781
alpha_rarefaction_2650_7.txt	2650	7	32.49248	n/a	37.9135	36.96172	31.02801	34.33203	29.63292	37.31021	36.43189	37.04594	34.31997	33.55292	27.25916	38.27316	39.15781	32.75977	21.29808	n/a	35.94579	40.64468	33.70607	34.16732	35.02836	33.95388	34.16372	n/a	30.99324	n/a	29.95636	38.26673
alpha_rarefaction_2650_8.txt	2650	8	32.56558	n/a	37.21387	37.60722	31.26308	33.97182	31.32046	37.56585	35.58241	36.87415	34.74257	33.61289	28.11075	39.67591	39.23417	32.94914	20.23115	n/a	35.81	40.33621	33.3391	34.28609	34.8452	34.31652	35.05806	n/a	31.33651	n/a	29.32139	37.79809
alpha_rarefaction_2650_9.txt	2650	9	32.38259	n/a	38.00837	36.8006	31.53832	33.07513	29.74365	36.99538	36.83747	36.87687	35.66334	33.73914	27.64831	39.16169	39.55377	32.89787	18.85048	n/a	36.09951	39.9876	33.13923	33.9203	35.14956	34.41886	35.57608	n/a	32.26263	n/a	30.25417	38.13821
alpha_rarefaction_2980_0.txt	2980	0	33.76233	n/a	38.66578	38.82793	32.55644	34.9854	31.20531	39.30604	38.85727	38.23894	36.26761	n/a	28.17054	41.01058	40.37881	34.31769	20.53331	n/a	37.41682	n/a	n/a	n/a	n/a	35.47258	n/a	n/a	n/a	n/a	31.33391	39.23778
alpha_rarefaction_2980_1.txt	2980	1	32.97018	n/a	38.88438	38.35595	32.88947	34.76082	32.21089	39.34894	37.50343	38.16884	36.45411	n/a	28.4358	40.3577	40.66375	35.00166	20.75656	n/a	37.07875	n/a	n/a	n/a	n/a	36.06664	n/a	n/a	n/a	n/a	30.99764	39.16447
alpha_rarefaction_2980_2.txt	2980	2	33.72309	n/a	39.32305	38.48405	32.35769	35.04673	30.92483	39.3088	38.37698	38.8353	36.35393	n/a	27.89984	40.64613	40.69866	34.63581	21.04653	n/a	36.94868	n/a	n/a	n/a	n/a	35.88534	n/a	n/a	n/a	n/a	30.55578	39.44687
alpha_rarefaction_2980_3.txt	2980	3	33.24588	n/a	37.91426	37.80054	32.74751	35.10399	31.13791	39.21633	38.37941	38.75572	36.17815	n/a	28.36757	41.59117	40.9188	33.23053	20.07364	n/a	37.15924	n/a	n/a	n/a	n/a	35.86013	n/a	n/a	n/a	n/a	31.0252	39.19522
alpha_rarefaction_2980_4.txt	2980	4	33.53673	n/a	39.22737	38.68273	32.87562	34.44426	31.89035	39.29383	38.29779	38.04082	35.38492	n/a	27.76639	40.73547	40.3387	33.09252	21.00856	n/a	37.52514	n/a	n/a	n/a	n/a	35.75738	n/a	n/a	n/a	n/a	31.16001	39.75229
alpha_rarefaction_2980_5.txt	2980	5	34.02494	n/a	38.71002	38.59944	32.26527	34.88987	31.84738	38.89176	37.85905	38.62574	36.77819	n/a	28.66431	40.1679	41.29228	33.60019	21.04452	n/a	37.59865	n/a	n/a	n/a	n/a	36.14321	n/a	n/a	n/a	n/a	31.24081	39.64759
alpha_rarefaction_2980_6.txt	2980	6	34.12413	n/a	38.62286	38.59217	32.18014	35.18759	31.60442	39.30781	37.96402	37.7072	35.97863	n/a	28.43011	41.09886	40.2358	34.36589	21.19434	n/a	37.07333	n/a	n/a	n/a	n/a	35.36577	n/a	n/a	n/a	n/a	31.19964	39.30366
alpha_rarefaction_2980_7.txt	2980	7	33.65436	n/a	38.77011	38.27721	32.48803	35.25201	31.71611	38.45107	38.59771	38.12754	36.69706	n/a	28.42371	40.14472	40.93948	33.00074	21.50707	n/a	38.01006	n/a	n/a	n/a	n/a	35.99524	n/a	n/a	n/a	n/a	31.45512	38.77623
alpha_rarefaction_2980_8.txt	2980	8	34.01037	n/a	38.48335	38.28591	32.6562	35.18681	31.55044	39.30172	38.44685	38.16386	36.27786	n/a	27.78904	39.96217	40.61678	34.44142	21.35006	n/a	37.25379	n/a	n/a	n/a	n/a	35.58187	n/a	n/a	n/a	n/a	31.05252	39.2249
alpha_rarefaction_2980_9.txt	2980	9	33.42362	n/a	38.41358	38.2595	32.08587	34.63336	31.55646	39.08258	38.71404	38.44285	36.43206	n/a	28.32844	40.19441	40.98176	33.66954	21.19801	n/a	36.79247	n/a	n/a	n/a	n/a	36.29677	n/a	n/a	n/a	n/a	31.11424	39.21507
alpha_rarefaction_3310_0.txt	3310	0	34.5092	n/a	40.16558	39.67704	33.60867	n/a	31.82447	n/a	39.34064	39.93081	37.68919	n/a	29.2522	42.01307	42.26194	35.51726	22.15341	n/a	38.5431	n/a	n/a	n/a	n/a	n/a	n/a	n/a	n/a	n/a	32.44249	40.82803
alpha_rarefaction_3310_1.txt	3310	1	35.02479	n/a	40.25453	39.88326	33.53619	n/a	32.53933	n/a	39.53866	39.47082	37.89223	n/a	29.11353	41.92142	42.15317	35.7693	21.55634	n/a	38.852	n/a	n/a	n/a	n/a	n/a	n/a	n/a	n/a	n/a	32.15422	40.47118
alpha_rarefaction_3310_2.txt	3310	2	34.8174	n/a	40.12513	39.91594	33.47346	n/a	32.07166	n/a	40.25944	39.85522	37.72253	n/a	29.46571	42.61298	41.69925	34.96329	21.23914	n/a	38.72554	n/a	n/a	n/a	n/a	n/a	n/a	n/a	n/a	n/a	32.33996	40.57537
alpha_rarefaction_3310_3.txt	3310	3	34.60435	n/a	39.57995	39.80173	33.5142	n/a	32.35798	n/a	39.80393	40.03131	37.79893	n/a	29.03109	41.68738	42.65432	34.58263	21.85911	n/a	38.63919	n/a	n/a	n/a	n/a	n/a	n/a	n/a	n/a	n/a	32.52922	40.64701
alpha_rarefaction_3310_4.txt	3310	4	34.68613	n/a	39.75058	39.70022	33.37463	n/a	32.47634	n/a	39.98483	39.41924	37.39161	n/a	29.49455	42.54426	42.69249	34.77382	22.57753	n/a	38.5587	n/a	n/a	n/a	n/a	n/a	n/a	n/a	n/a	n/a	32.36284	41.26943
alpha_rarefaction_3310_5.txt	3310	5	34.64997	n/a	40.01462	39.49049	33.69527	n/a	33.27038	n/a	39.99773	39.65313	37.82047	n/a	28.8581	42.64158	41.97731	35.5075	22.34352	n/a	38.78924	n/a	n/a	n/a	n/a	n/a	n/a	n/a	n/a	n/a	32.52524	40.4535
alpha_rarefaction_3310_6.txt	3310	6	34.84336	n/a	40.07736	40.05753	33.54633	n/a	32.30217	n/a	40.14959	39.79186	37.86501	n/a	29.27276	42.67806	42.00655	34.72838	22.43812	n/a	38.69905	n/a	n/a	n/a	n/a	n/a	n/a	n/a	n/a	n/a	32.19377	40.99914
alpha_rarefaction_3310_7.txt	3310	7	34.84209	n/a	40.72461	39.81172	33.43894	n/a	31.41046	n/a	39.15701	39.41208	37.57766	n/a	29.48644	42.19942	42.22809	34.8366	20.86645	n/a	38.78438	n/a	n/a	n/a	n/a	n/a	n/a	n/a	n/a	n/a	32.4432	41.10717
alpha_rarefaction_3310_8.txt	3310	8	34.64255	n/a	39.88363	39.78377	33.68384	n/a	32.43675	n/a	39.81143	39.20595	37.381	n/a	28.49223	42.50925	42.13048	35.27645	22.50697	n/a	38.48712	n/a	n/a	n/a	n/a	n/a	n/a	n/a	n/a	n/a	32.4074	40.74356
alpha_rarefaction_3310_9.txt	3310	9	35.01956	n/a	39.87224	39.66998	33.55606	n/a	32.03375	n/a	39.47406	39.49862	37.29651	n/a	29.14442	42.85519	42.21205	35.077	22.28034	n/a	38.68418	n/a	n/a	n/a	n/a	n/a	n/a	n/a	n/a	n/a	32.21546	40.61262