SampleID	AACTCGTCGATG	AACTGTGCGTAC	ACAGACCACTCA	ACAGAGTCGGCT	ACCAGCGACTAG	ACCGCAGAGTCA	ACGGTGAGTGTC	AGCACGAGCCTA	AGCAGCACTTGT
PC.636	0.139784946236559	0.0940860215053763	0.0913978494623656	0.182795698924731	0.102150537634409	0.134408602150538	0	0.0806451612903226	0.174731182795699
PC.635	0.121301775147929	0.144970414201183	0.0887573964497041	0.144970414201183	0.103550295857988	0	0.210059171597633	0.0680473372781065	0.118343195266272
PC.356	0.177325581395349	0.061046511627907	0	0.0697674418604651	0.0959302325581395	0.0930232558139535	0.104651162790698	0.226744186046512	0.171511627906977
PC.481	0.18562874251497	0.0838323353293413	0.119760479041916	0.125748502994012	0	0.110778443113772	0.0898203592814371	0.170658682634731	0.11377245508982
PC.354	0.178885630498534	0.0733137829912024	0.208211143695015	0.0997067448680352	0.12316715542522	0.0586510263929619	0.0821114369501466	0	0.175953079178886
PC.593	0.173652694610778	0.104790419161677	0.092814371257485	0.146706586826347	0.11377245508982	0.0538922155688623	0.167664670658683	0.146706586826347	0
PC.355	0	0.078125	0.128125	0.134375	0.15	0.046875	0.109375	0.18125	0.171875
PC.607	0.113636363636364	0	0.0909090909090909	0.147727272727273	0.107954545454545	0.153409090909091	0.116477272727273	0.113636363636364	0.15625
PC.634	0.149068322981366	0.12111801242236	0.0434782608695652	0	0.108695652173913	0.12111801242236	0.192546583850932	0.0962732919254658	0.167701863354037
