# chao1.txt
# day
xaxis: 10.0	11.0	12.0	13.0	14.0	15.0	16.0	17.0	18.0	19.0	20.0	
xmax: 21.0
>> 21
color #ff0000
series 3.65	3.475	3.725	3.8	3.85	4.0	4.575	4.65	4.325	5.225	5.475	
error 0.15	0.125	0.025	0.1	0.35	0.3	0.475	0.35	0.075	0.875	0.925	
>> 22
color #0000ff
series 3.775	4.98333333333	4.775	4.5125	5.07083333333	4.2125	4.79166666666	5.3875	5.19583333333	6.35	6.425	
error 2.72339402217	4.84002410462	4.42175021909	3.85622467576	4.87254746	3.46019779059	4.27748465806	5.30570153231	4.97477491115	7.02797979508	7.09872347679	
>> 23
color #f27304
series 1.7	1.93333333333	1.96666666667	1.73333333333	2.06666666667	1.83333333333	2.13333333333	2.13333333333	2.03333333333	2.26666666667	2.2	
error 0.509901951359	0.776029781788	0.776029781788	0.524933858267	0.899382504215	0.623609564462	0.984321537349	0.984321537349	0.857645355351	1.15854314647	1.07082522695	
