# chao1.txt
# SampleType
xaxis: 10.0	11.0	12.0	13.0	14.0	15.0	16.0	17.0	18.0	19.0	20.0	
xmax: 21.0
>> Tongue
color #f27304
series 3.45	3.125	3.325	3.45	3.55	3.35	4.025	4.0	3.625	3.675	3.775	
error 0.35	0.225	0.425	0.45	0.65	0.35	1.025	1.0	0.625	0.675	0.775	
>> Other
color #0000ff
series 1.7	1.8	1.8	1.9	1.9	1.8	2.0	2.0	2.0	1.9	2.0	
error nan	nan	nan	nan	nan	nan	nan	nan	nan	nan	nan	
>> L_palm
color #ff0000
series 5.95	8.46666666667	8.05	7.425	8.49166666667	7.225	8.13333333333	9.425	9.09166666667	12.3	12.55	
error 2.45	4.86666666667	4.35	3.725	4.99166666667	2.925	4.03333333333	5.125	4.69166666667	6.2	6.15	
>> feces
color #008000
series 1.75	1.925	1.975	1.8	2.05	1.85	2.1	2.1	2.025	2.2	2.15	
error 0.45	0.672216482987	0.672216482987	0.469041575982	0.779422863406	0.54083269132	0.854400374532	0.854400374532	0.742882897905	1.00995049384	0.93139680051	
