# observed_species.txt
# day
xaxis: 10.0	11.0	12.0	13.0	14.0	15.0	16.0	17.0	18.0	19.0	20.0	
xmax: 21.0
>> 21
color #ff0000
series 2.75	2.75	2.9	2.9	2.9	3.05	3.15	3.4	3.3	3.6	3.75	
error 0.15	0.05	0.2	0.1	0.4	0.05	0.25	0.3	0.2	0.1	0.05	
>> 22
color #0000ff
series 2.925	3.25	3.225	3.425	3.45	3.375	3.55	3.575	3.675	3.8	3.9	
error 1.38991906239	1.8688231591	1.81435250158	2.0437404434	2.0862646045	2.03270140454	2.14650879337	2.1890351756	2.35942259886	2.63343881645	2.7440845468	
>> 23
color #f27304
series 1.63333333333	1.76666666667	1.8	1.66666666667	1.83333333333	1.73333333333	1.9	1.9	1.83333333333	1.96666666667	1.93333333333	
error 0.449691252108	0.579271573233	0.588784057755	0.471404520791	0.623609564462	0.524933858267	0.697614984549	0.697614984549	0.623609564462	0.776029781788	0.736357401146	
