# observed_species.txt
# BarcodeSequence
xaxis: 10.0	11.0	12.0	13.0	14.0	15.0	16.0	17.0	18.0	19.0	20.0	
xmax: 21.0
>> ACACTGTTCATG
color #0000ff
series 3.55	4.15	4.15	4.45	4.5	4.35	4.6	4.65	4.85	5.15	5.3	
error 1.65	2.25	2.15	2.45	2.5	2.45	2.6	2.65	2.85	3.15	3.3	
>> AGTGAGAGAAGC
color #008000
series 2.9	2.8	3.1	3.0	3.3	3.1	3.4	3.7	3.5	3.5	3.7	
error nan	nan	nan	nan	nan	nan	nan	nan	nan	nan	nan	
>> ATACTATTGCGC
color #91278d
series 2.3	2.35	2.3	2.4	2.4	2.4	2.5	2.5	2.5	2.45	2.5	
error 0.6	0.55	0.5	0.5	0.5	0.6	0.5	0.5	0.5	0.55	0.5	
>> ACCAGACGATGC
color #f27304
series 1.63333333333	1.76666666667	1.8	1.66666666667	1.83333333333	1.73333333333	1.9	1.9	1.83333333333	1.96666666667	1.93333333333	
error 0.449691252108	0.579271573233	0.588784057755	0.471404520791	0.623609564462	0.524933858267	0.697614984549	0.697614984549	0.623609564462	0.776029781788	0.736357401146	
>> AACGCACGCTAG
color #ff0000
series 2.6	2.7	2.7	2.8	2.5	3.0	2.9	3.1	3.1	3.7	3.8	
error nan	nan	nan	nan	nan	nan	nan	nan	nan	nan	nan	
