# PD_whole_tree.txt
# SampleType
xaxis: 10.0	11.0	12.0	13.0	14.0	15.0	16.0	17.0	18.0	19.0	20.0	
xmax: 21.0
>> Tongue
color #f27304
series 0.6290625	0.6333235	0.6286735	0.631582	0.646544	0.6344905	0.647322	0.6574	0.6548805	0.6548805	0.652361	
error 0.0275595	0.0232985	0.0271705	0.020779	0.010078	0.0229095	0.010078	nan	0.0025195	0.0025195	0.005039	
>> Other
color #0000ff
series 0.0	0.0	0.0	0.0	0.0	0.0	0.0	0.0	0.0	0.0	0.0	
error nan	nan	nan	nan	nan	nan	nan	nan	nan	nan	nan	
>> L_palm
color #ff0000
series 0.8340595	0.895667	0.9031125	0.941175	0.918887	0.939062	0.9565185	0.961318	0.97224	1.025024	1.0251135	
error 0.2556785	0.369348	0.3249275	0.336959	0.340702	0.294297	0.3451415	0.331267	0.342385	0.345434	0.3598455	
>> feces
color #008000
series 0.45641	0.4714145	0.4762175	0.4630125	0.478619	0.4636145	0.483422	0.483422	0.4804185	0.4936235	0.4894225	
error 0.0457475565905	0.065429792165	0.0653865411897	0.0490425898455	0.0687601719239	0.051944576933	0.075742285627	0.075742285627	0.0713425203981	0.0913184359631	0.0848048115896	
