# PD_whole_tree.txt
# BarcodeSequence
xaxis: 10.0	11.0	12.0	13.0	14.0	15.0	16.0	17.0	18.0	19.0	20.0	
xmax: 21.0
>> ACACTGTTCATG
color #0000ff
series 0.779081	0.8667195	0.853035	0.878082	0.8688095	0.8508915	0.889845	0.8853075	0.8963275	0.924244	0.9314945	
error 0.310657	0.3982955	0.375005	0.400052	0.3907795	0.3824675	0.411815	0.4072775	0.4182975	0.446214	0.4534645	
>> AGTGAGAGAAGC
color #008000
series 0.601503	0.610025	0.601503	0.610803	0.636466	0.611581	0.637244	0.6574	0.652361	0.652361	0.647322	
error nan	nan	nan	nan	nan	nan	nan	nan	nan	nan	nan	
>> ATACTATTGCGC
color #91278d
series 0.328311	0.328311	0.327922	0.3261805	0.328311	0.3287	0.3287	0.3287	0.3287	0.3287	0.3287	
error 0.328311	0.328311	0.327922	0.3261805	0.328311	0.3287	0.3287	0.3287	0.3287	0.3287	0.3287	
>> ACCAGACGATGC
color #f27304
series 0.452405333333	0.472411333333	0.475613333333	0.458006666667	0.478815333333	0.462011333333	0.485219333333	0.485219333333	0.481214666667	0.498821333333	0.49322	
error 0.0522140066606	0.0755255071497	0.0754922046012	0.0557374860893	0.0793964365503	0.0598946702433	0.087385754832	0.087385754832	0.0823638559294	0.10493175136	0.097629183137	
>> AACGCACGCTAG
color #ff0000
series 0.578381	0.526319	0.578185	0.604216	0.578185	0.644765	0.611377	0.630051	0.629855	0.67959	0.665268	
error nan	nan	nan	nan	nan	nan	nan	nan	nan	nan	nan	
