# PD_whole_tree.txt
# days_since_epoch
xaxis: 10.0	11.0	12.0	13.0	14.0	15.0	16.0	17.0	18.0	19.0	20.0	
xmax: 21.0
>> 14174
color #0000ff
series 0.553696	0.59751525	0.5904785	0.60213125	0.59856025	0.58979575	0.6092725	0.60700375	0.61251375	0.626472	0.63009725	
error 0.391083546586	0.453524682061	0.439336670159	0.457565817198	0.450869185348	0.441965530269	0.466410302061	0.463046761426	0.471230823421	0.492182360393	0.497671752953	
>> 14175
color #f27304
series 0.452405333333	0.472411333333	0.475613333333	0.458006666667	0.478815333333	0.462011333333	0.485219333333	0.485219333333	0.481214666667	0.498821333333	0.49322	
error 0.0522140066606	0.0755255071497	0.0754922046012	0.0557374860893	0.0793964365503	0.0598946702433	0.087385754832	0.087385754832	0.0823638559294	0.10493175136	0.097629183137	
>> 14173
color #ff0000
series 0.589942	0.568172	0.589844	0.6075095	0.6073255	0.628173	0.6243105	0.6437255	0.641108	0.6659755	0.656295	
error 0.011561	0.041853	0.011659	0.0032935	0.0291405	0.016592	0.0129335	0.0136745	0.011253	0.0136145	0.008973	
