0
4.166184
4.176671
4.027562
3.807442
3.530668
3.285942
3.101746
2.955079
2.843318
2.759674
2.702237
2.670638
2.668385
2.695304
2.764942
2.871163
3.030570
3.235189
3.473645
3.750667
4.006980
4.258260
4.471937
4.654780
4.835993
4.999224
5.166252
5.324161
5.481181
5.631897
5.781180
5.926582
6.074237
6.221474
6.373512
6.527464
6.684429
6.843028
7.003586
7.165090
7.327852
7.490534
7.654033
7.816482
7.978432
8.137972
8.289281
8.441344
8.623054
8.827091
9.081737
9.358911
9.549542
9.675128
9.725186
9.740147
9.795781
9.850899
9.904450
9.961040
10.027611
10.103305
10.195407
10.298149
10.410859
10.532514
10.658291
10.779673
10.887215
10.954143
10.989265
10.985907
10.966126
10.950327
10.935524
10.933572
10.937245
10.945624
10.958466
10.978224
10.999522
11.017859
11.033390
11.042692
11.047708
11.048387
11.044923
11.037955
11.027509
11.014139
10.997273
10.975280
10.950238
10.922832
10.895225
10.873881
10.851476
10.831772
10.792975
10.689173
10.599254
10.560588
10.552660
10.614195
10.700129
10.754468
10.805038
10.858019
10.914681
10.978925
11.048020
11.122828
11.201071
11.278411
11.356315
11.432057
11.509386
11.592999
11.681095
11.775125
11.873585
11.973420
12.077547
12.187529
12.304818
12.435797
12.571816
12.716180
12.876063
13.044476
13.212333
13.368244
13.471078
13.532482
13.553312
13.552174
13.550869
13.547178
13.556040
13.576409
13.619166
13.672602
13.732222
13.800351
13.884470
13.967360
13.996767
14.021968
14.073333
14.173458
14.471894
14.908614
15.260746
15.519838
15.405787
15.227942
15.212952
15.208893
15.200761
15.192178
15.169831
15.147854
15.141825
15.138904
15.128232
15.124161
15.130657
15.142502
15.182103
15.224364
15.228636
15.221354
15.214976
15.205109
15.195066
15.187766
15.183455
15.180200
15.192143
15.191240
15.136103
15.081890
15.064113
15.047997
15.031550
15.006044
14.937945
14.873884
14.856391
14.829814
14.800737
14.755516
14.710519
14.678505
14.647175
14.603524
14.569671
14.568247
14.570347
14.562187
14.550847
14.519547
14.495061
14.509846
14.538168
14.562944
14.588750
14.612783
14.643441
14.691848
14.744422
14.790300
14.834234
14.874017
14.914235
14.958143
15.010125
15.084670
15.163281
15.247286
15.284521
15.304202
15.299331
15.304434
15.388103
15.499234
15.615897
15.727082
15.758380
15.757057
15.759641
15.768365
15.799621
15.833107
15.864404
15.895753
15.928123
15.963172
15.989683
16.011028
16.026270
16.061242
16.163344
16.280176
16.369895
16.438409
16.411079
16.391196
16.494705
16.657561
16.935870
17.159731
17.358807
17.360943
17.315775
17.445706
17.571532
17.479998
17.357972
17.283969
17.231369
17.258446
17.276845
17.147599
17.042952
17.096958
17.180833
17.217621
17.245042
17.252871
17.243263
17.227859
17.197822
17.095255
16.999540
17.034126
17.065133
16.944257
16.796615
16.657705
16.557792
16.545818
16.557343
16.565744
16.563589
16.536614
16.491958
16.408900
16.323511
16.244444
16.187356
16.186649
16.203033
16.215366
16.238059
16.284688
16.321873
16.332729
16.317414
16.224518
16.130368
16.086572
16.055742
16.031003
16.022956
16.036005
16.056899
16.098798
16.141270
16.137218
16.130189
16.149814
16.176034
16.200190
16.268589
16.340270
16.353086
16.354127
16.359782
16.386595
16.507514
16.653839
16.730151
16.761501
16.719745
16.683701
16.707778
16.765401
16.909841
17.109453
17.356904
17.614415
17.689569
17.647854
17.477063
17.322642
17.288660
17.291443
17.376483
17.447344
17.333346
17.208227
17.132690
17.085997
17.123741
17.136348
17.161741
17.176111
17.227982
17.455229
17.790546
18.103178
18.356522
18.278235
18.126661
18.038666
17.991515
18.075888
18.173992
18.223828
18.237943
18.151902
18.043747
17.925923
17.821493
17.767802
17.760768
17.832300
17.936141
18.050433
18.154631
18.174380
18.160607
18.110072
18.091445
18.216010
18.368806
18.493754
18.279848
18.067477
18.051672
18.067283
18.046147
18.011852
17.908140
17.816289
17.857964
17.911219
17.839307
17.747399
17.665584
17.606289
17.618558
17.640689
17.609819
17.591168
17.638869
17.701320
17.763606
17.821654
17.822782
17.797563
17.767989
17.752049
17.760096
17.784740
17.876496
17.963211
17.953762
17.890999
17.754204
17.629446
17.547303
17.506600
17.567826
17.664596
17.765910
17.859174
17.837744
17.791859
17.796710
17.824330
17.884776
17.967109
18.069098
18.184430
18.346644
18.488243
18.440101
18.306740
18.114716
17.967029
17.904350
17.898177
18.053122
18.268312
18.414405
18.495884
18.381953
18.219682
18.083883
18.039928
18.050283
18.201135
18.432475
18.709603
19.027516
19.100655
19.066729
19.055755
19.060143
19.171140
19.272420
19.219268
19.108812
18.982973
18.888693
18.868553
18.891624
19.015851
19.078144
18.881900
18.688510
18.494393
18.373591
18.488154
18.681739
18.831833
18.956242
18.935633
18.830510
18.738903
18.732366
18.763422
18.876384
19.012560
19.121890
19.201842
19.165116
19.056834
18.880083
18.739820
18.707896
18.718614
18.767923
18.807724
18.779873
18.791332
18.910547
19.039157
19.208648
19.321972
19.071556
18.855580
18.816788
18.812133
18.924001
19.037585
18.892790
18.706934
18.537732
18.432919
18.378300
18.439800
18.563859
18.762556
18.997775
19.163825
19.253936
19.144396
18.992194
18.875146
18.792821
18.799592
18.808442
18.737179
18.661584
18.578646
18.540879
18.702918
18.935535
19.051536
19.090432
18.992731
18.855214
18.771980
18.735836
18.695930
18.617123
18.521450
18.478216
18.518514
18.593746
18.736609
18.851771
18.745935
18.666596
18.757620
18.881439
19.035495
19.193823
19.204568
19.124086
18.962450
18.821562
18.714922
18.663913
18.771942
18.978142
19.329791
19.872062
20.444550
21.015098
21.070132
20.823266
20.379470
19.983219
19.765543
19.603659
19.459481
19.393853
19.438901
19.524421
19.651583
20.034492
20.561673
20.626076
20.359027
19.745174
19.321734
19.047132
18.905187
19.072686
19.398354
19.748472
20.098808
20.052839
19.905137
19.894592
19.877818
19.720262
19.567121
19.507612
19.505122
19.616960
19.760768
19.779355
19.758255
19.773483
19.781524
19.753938
19.687192
19.533557
19.424357
19.442148
19.559910
19.658049
19.503361
19.315869
19.152770
19.020462
18.943161
18.888728
18.880500
18.876681
18.804989
18.746998
18.730344
18.743262
18.898983
19.105861
19.083169
19.000151
19.008935
19.053548
19.201751
19.373273
19.343851
19.174489
18.901331
18.714624
18.655061
18.660598
18.852698
19.110062
19.218677
19.168895
19.080956
19.086993
19.112320
19.213968
19.249067
18.946091
18.699987
18.634191
18.637602
18.748526
18.923177
19.090210
19.282671
19.654563
20.034433
19.701089
19.304507
18.967181
18.774838
18.870650
19.049436
19.208989
19.401079
19.503595
19.601274
19.888815
20.255735
20.417579
20.461104
20.458136
20.359749
20.102873
19.856169
19.651763
19.544917
19.637305
19.828976
20.213269
20.650742
20.498952
20.147574
19.643423
19.308068
19.182691
19.167754
19.369815
19.720565
20.261755
21.219718
21.827425
21.539427
20.756021
20.269816
20.055061
19.917432
19.835845
19.804006
19.876574
20.001752
20.131955
20.292108
20.563952
20.751057
20.618843
19.902771
19.506921
19.459958
19.510908
19.828022
20.332504
20.265600
20.066713
20.219736
20.310601
19.866446
19.487332
19.154609
18.973095
19.156354
19.505180
19.879867
20.271485
20.189002
19.869738
19.414872
19.125784
19.064401
19.095060
19.329590
19.648811
19.672877
19.637227
19.649191
19.888367
20.219359
20.058197
19.874534
20.055512
20.335916
20.498454
20.591706
20.494199
20.195669
19.737342
19.464744
19.382693
19.368177
19.564606
19.893175
20.119439
20.256716
20.177156
20.035467
19.914238
19.846607
19.986935
20.071238
19.727634
19.469393
19.416333
19.428755
19.629853
19.888356
19.877375
19.733702
19.634976
19.765041
19.981367
20.391934
21.087814
21.522664
21.799535
23.031757
27.631021
25.561885
22.197544
21.801423
21.496065
21.059229
20.798610
20.818290
20.909760
21.112618
21.277729
20.922427
20.569500
20.307982
20.188300
20.331334
20.600438
21.265691
23.118572
22.364591
21.623509
21.476719
21.471673
22.200246
27.631021
27.631021
27.631021
22.169409
21.130643
20.640660
20.375797
20.374857
20.433681
20.382229
20.388564
20.830338
21.568470
21.343050
20.779599
20.131761
19.764307
19.744542
19.758333
19.594628
19.479707
19.580053
19.745550
19.854855
19.958462
19.997281
20.034475
20.294326
20.617914
20.508763
20.224716
20.000225
20.074618
20.221382
20.358465
20.387772
20.053612
19.819437
19.807472
19.828976
19.950575
20.055283
19.787399
19.588076
19.682222
19.907477
20.474649
21.658917
21.677747
21.239476
21.059999
20.873606
20.781669
20.649078
20.254615
20.035211
20.313970
20.919111
21.934891
24.541978
21.290188
20.873855
20.582303
20.415414
20.356993
20.440352
20.608266
21.050808
21.775893
21.800560
21.515346
21.217441
21.082114
21.375321
21.713695
21.713175
21.713695
21.375321
21.082114
21.150064
21.380066
21.701437
22.213318
25.679603
27.631021
22.666191
21.620946
21.286711
21.082114
21.150064
21.380066
21.620946
22.707147
27.631021
22.437756
21.471673
21.388924
21.471673
22.200246
27.631021
27.631021
27.631021
22.200246
21.471673
21.388924
21.471673
22.437756
27.631021
22.437756
21.471673
21.388924
21.471673
22.437756
27.631021
22.707147
21.620946
21.286711
21.082114
21.217441
21.515346
21.682890
21.603646
21.068712
20.761884
20.833435
21.082114
22.169884
27.631021
23.786366
21.713695
20.949450
20.564895
20.656335
20.807887
20.701421
20.648697
20.674363
20.648697
20.701421
20.807887
20.702532
20.596189
20.830479
21.157564
20.978317
20.676859
20.312368
20.106418
20.223215
20.515693
21.250564
24.279600
27.631021
27.631021
27.631021
27.631021
23.086141
21.431797
20.785439
20.472044
20.321592
20.429922
20.628433
20.751722
20.857810
20.923175
21.059635
21.667991
22.813497
22.145748
21.620946
21.475284
21.471673
22.200246
27.631021
27.631021
27.631021
27.631021
27.631021
27.631021
27.631021
27.631021
27.631021
23.337826
21.908064
21.471673
21.495155
21.863412
22.788607
27.631021
27.631021
27.631021
27.631021
27.631021
27.254930
24.048135
22.628497
21.677476
21.066310
20.734381
20.608667
20.717954
21.118601
21.927530
27.631021
27.631021
27.631021
22.739148
21.775983
21.380066
21.249811
21.270612
21.412707
21.689299
22.158419
23.187381
0
12.612326
12.577870
12.410847
12.197356
11.941191
11.718688
11.556377
11.432935
11.348069
11.292715
11.270841
11.275230
11.301644
11.356331
11.461759
11.605890
11.795511
12.026588
12.256132
12.496183
12.720825
12.933936
13.111743
13.256025
13.389303
13.493933
13.587912
13.654088
13.678660
13.665683
13.621670
13.553153
13.474361
13.380781
13.276418
13.160902
13.036592
12.904722
12.764911
12.627217
12.506418
12.376352
12.235476
12.080749
11.912148
11.733942
11.688635
11.510367
11.113213
10.687095
10.229188
9.877434
9.635905
9.433049
9.266259
9.101735
8.923232
8.748785
8.577730
8.415960
8.263520
8.122358
7.990819
7.872972
7.766818
7.677141
7.592902
7.517427
7.434870
7.341495
7.231265
7.102273
6.957878
6.802805
6.638061
6.467785
6.293034
6.115425
5.939016
5.765761
5.596782
5.433860
5.275250
5.121439
4.971092
4.824255
4.680409
4.539160
4.401249
4.266243
4.135414
4.007934
3.885997
3.768342
3.658154
3.560930
3.469684
3.389437
3.296616
3.146820
3.024329
2.960275
2.935015
2.988692
3.075894
3.150778
3.233845
3.328112
3.433691
3.548613
3.672339
3.799984
3.933484
4.069911
4.210333
4.353252
4.499002
4.646780
4.796615
4.948420
5.102335
5.259686
5.420721
5.589196
5.764825
5.951959
6.152050
6.362129
6.577062
6.789649
6.977029
7.133846
7.243929
7.314207
7.361318
7.391196
7.429988
7.472065
7.532043
7.602666
7.686339
7.781290
7.887492
8.003420
8.127875
8.254272
8.350795
8.441114
8.548927
8.677845
8.885822
9.125092
9.282589
9.387342
9.410702
9.416002
9.488362
9.570540
9.646764
9.725181
9.804251
9.884333
9.965008
10.046036
10.125765
10.205645
10.286553
10.368972
10.457705
10.547801
10.635350
10.717653
10.785339
10.842977
10.889940
10.932144
10.978529
11.024703
11.075318
11.124837
11.165491
11.201023
11.231131
11.260173
11.297631
11.332549
11.355104
11.369860
11.368956
11.378067
11.387403
11.399228
11.410148
11.411633
11.411867
11.419213
11.428433
11.435603
11.444830
11.460990
11.479009
11.493851
11.511312
11.534217
11.561519
11.598093
11.640520
11.682901
11.727077
11.775761
11.827397
11.879663
11.933247
11.985753
12.041060
12.106806
12.175951
12.243277
12.310553
12.371237
12.431546
12.492038
12.554495
12.619651
12.692432
12.771294
12.866641
12.962763
13.031716
13.085438
13.124091
13.155215
13.186874
13.216443
13.248045
13.279426
13.314777
13.347626
13.370799
13.384941
13.381966
13.376274
13.385815
13.393720
13.393327
13.381012
13.316233
13.266686
13.289480
13.360552
13.544148
13.755336
13.978576
14.021917
13.989733
13.942301
13.889809
13.874447
13.861187
13.843907
13.827298
13.803256
13.772394
13.746158
13.716968
13.660154
13.604904
13.571209
13.554358
13.568768
13.594406
13.626413
13.653778
13.660248
13.643068
13.582332
13.506543
13.416053
13.338924
13.311719
13.296198
13.280821
13.262832
13.222612
13.183068
13.160524
13.144722
13.134377
13.125155
13.114425
13.100017
13.074416
13.049818
13.031436
13.017865
13.018518
13.024263
13.029423
13.027687
13.002853
12.976658
12.958635
12.949623
12.968917
12.995138
13.008544
13.019986
13.027015
13.038570
13.068117
13.103061
13.141529
13.179117
13.204117
13.220837
13.232550
13.237934
13.249186
13.286776
13.332416
13.382309
13.432911
13.463237
13.486570
13.508702
13.536329
13.580662
13.639626
13.738856
13.846829
13.923785
13.975717
13.976750
13.950711
13.913106
13.867001
13.819216
13.766106
13.699995
13.642689
13.617152
13.605387
13.615638
13.619955
13.588129
13.520875
13.459462
13.418910
13.428795
13.588262
13.827530
14.126454
14.472134
14.555275
14.524307
14.520886
14.516561
14.543662
14.566289
14.583492
14.598474
14.599358
14.600795
14.623188
14.639624
14.623444
14.602428
14.593620
14.586503
14.582310
14.575219
14.541070
14.513893
14.531920
14.571843
14.634637
14.700961
14.766203
14.817197
14.850858
14.863546
14.830067
14.694981
14.561932
14.475028
14.413460
14.408144
14.416445
14.406567
14.381645
14.317874
14.261923
14.244256
14.239090
14.260179
14.285857
14.266078
14.246501
14.271583
14.306144
14.330255
14.353847
14.366644
14.376824
14.406403
14.439182
14.462061
14.476345
14.468521
14.459311
14.462600
14.464571
14.473924
14.481020
14.455717
14.425309
14.417069
14.414816
14.407823
14.410950
14.441940
14.477222
14.501640
14.529616
14.558743
14.583374
14.613218
14.633229
14.613712
14.586277
14.580683
14.574303
14.546908
14.519385
14.499793
14.493175
14.528608
14.564670
14.576958
14.530588
14.477023
14.432592
14.410266
14.460391
14.535081
14.589280
14.651605
14.740552
14.857725
15.053720
15.275115
15.409365
15.455759
15.354368
15.216377
15.078765
14.954660
14.862681
14.821324
14.897725
15.002129
15.062488
15.103114
15.067529
15.035149
15.107638
15.199969
15.253824
15.275466
15.225008
15.152592
15.087396
15.070698
15.061997
15.055175
15.050935
15.019756
15.008802
15.081527
15.171220
15.241317
15.295602
15.270630
15.231037
15.221407
15.236403
15.304994
15.399844
15.524310
15.664426
15.784156
15.863981
15.863094
15.787529
15.625509
15.466121
15.324908
15.215533
15.168492
15.146321
15.119930
15.189391
15.282882
15.342181
15.393349
15.405705
15.389127
15.368502
15.358634
15.357801
15.350473
15.343724
15.348650
15.366737
15.388323
15.415757
15.443116
15.462430
15.470088
15.464221
15.443852
15.394328
15.332580
15.250761
15.198095
15.221142
15.277648
15.426613
15.570146
15.477885
15.347716
15.267299
15.208410
15.205149
15.226073
15.250734
15.273736
15.305749
15.329711
15.284043
15.217872
15.147473
15.114573
15.184988
15.298136
15.535062
15.786731
16.096702
15.737665
14.683610
14.101044
13.735309
13.498664
13.444005
13.423610
13.350484
13.281694
13.224116
13.181271
13.171951
13.176406
13.181954
13.189212
13.195013
13.198531
13.206538
13.238321
13.280346
13.318624
13.355489
13.386872
13.424440
13.482304
13.546818
13.619733
13.682419
13.691058
13.692714
13.717725
13.747760
13.795759
13.849961
13.887955
13.921896
13.962626
14.001562
14.029974
14.055876
14.080375
14.103611
14.132252
14.163915
14.196421
14.229951
14.270006
14.309390
14.342329
14.392365
14.384442
14.204419
14.038629
13.937559
13.877291
13.918703
13.993759
14.037599
14.088968
14.167949
14.255406
14.336003
14.419483
14.504934
14.585220
14.655666
14.716965
14.744535
14.767348
14.827758
14.896915
14.960642
15.031051
15.121248
15.210287
15.272727
15.308206
15.263432
15.266356
15.285194
15.371458
15.475675
15.517080
15.542045
15.589380
15.635859
15.662506
15.676477
15.671594
15.653671
15.616270
15.607003
15.695711
15.802714
15.898912
15.956957
15.835416
15.692146
15.578971
15.523845
15.607063
15.788858
16.223988
17.016415
18.015692
27.631021
27.631021
19.548553
19.508936
19.281656
18.961389
18.721006
18.695986
18.750429
18.817290
18.861691
18.860195
18.896084
18.972210
19.103394
19.445009
19.916919
20.245450
20.501849
20.453931
20.202216
19.850588
19.621903
19.704780
19.831451
19.771405
19.685508
19.564900
19.486984
19.600357
19.773222
19.891535
20.015979
20.169552
20.148987
19.722029
19.428550
19.257930
19.415864
19.762497
20.395967
21.925991
27.631021
24.220561
20.813483
20.114015
19.899849
19.730108
19.636012
19.523826
19.190338
19.007262
19.229306
19.558278
19.671245
19.774974
19.724205
19.627504
19.810869
20.105341
19.993318
19.802801
19.805147
19.885779
19.967677
20.110424
20.844757
21.429556
21.745535
21.283182
20.731835
20.100938
19.733166
19.645010
19.696299
20.112901
20.996330
22.862154
27.631021
27.631021
27.631021
27.631021
27.631021
27.631021
27.631021
22.885187
20.419586
19.291753
18.861654
19.044093
19.371264
19.461916
19.540520
19.416807
19.358496
20.087069
27.631021
27.631021
27.631021
27.631021
27.631021
27.631021
27.631021
27.631021
27.631021
27.631021
21.661913
20.760697
20.465637
20.374502
20.828647
22.066459
25.358186
27.631021
27.631021
27.631021
27.631021
27.631021
27.631021
27.631021
27.631021
27.631021
27.631021
27.631021
27.631021
27.631021
23.296660
21.891900
21.259237
20.991349
21.380020
22.066459
21.661913
21.299529
21.153867
21.150256
22.084905
27.631021
27.631021
22.764723
21.027547
20.396537
20.194603
20.163648
20.443550
20.895363
21.110380
21.261305
21.482935
21.891900
23.296660
27.631021
27.631021
27.631021
27.631021
27.631021
27.631021
27.631021
27.631021
27.631021
27.631021
22.088224
21.220871
20.733167
20.511755
20.776397
21.351949
27.631021
27.631021
20.762601
19.904279
19.725810
19.721805
20.298167
22.546821
27.631021
27.631021
27.631021
27.631021
27.631021
27.631021
27.631021
27.631021
27.631021
27.631021
27.631021
27.631021
27.631021
27.631021
27.631021
27.631021
27.631021
27.631021
27.631021
27.631021
27.631021
27.631021
27.631021
27.631021
27.631021
27.631021
27.631021
23.296660
21.891900
21.259237
20.991349
21.259237
21.891900
27.631021
27.631021
22.916559
20.895363
20.118087
19.765709
19.872942
20.194276
20.929147
23.958183
27.631021
27.631021
27.631021
27.631021
27.631021
27.631021
27.631021
27.631021
27.631021
27.631021
27.631021
21.878828
21.150256
21.067507
21.150256
22.116339
27.631021
22.116339
21.150256
21.067507
21.150256
21.878828
27.631021
27.631021
27.631021
22.084905
21.299529
20.965294
20.760697
20.828647
21.058649
21.380020
21.891900
23.296660
27.631021
27.631021
27.631021
27.631021
27.631021
23.296660
21.891900
21.259237
20.991349
21.259237
21.891900
23.296660
27.631021
27.631021
27.631021
27.631021
27.631021
27.631021
27.631021
23.296660
21.891900
21.259237
20.991349
21.259237
21.891900
23.296660
27.631021
27.631021
27.631021
27.631021
27.631021
27.631021
27.631021
27.631021
27.631021
27.631021
27.631021
27.631021
27.631021
27.631021
27.631021
27.631021
27.631021
27.631021
27.631021
27.631021
27.631021
27.631021
27.631021
27.631021
23.296660
21.891900
21.259237
20.991349
21.167599
21.733900
23.336154
27.631021
27.631021
27.631021
27.631021
27.631021
27.631021
27.631021
27.631021
27.631021
27.631021
27.631021
27.631021
27.631021
27.631021
27.631021
27.631021
27.631021
27.631021
27.631021
27.631021
27.631021
27.631021
27.631021
27.631021
27.631021
27.631021
27.631021
27.631021
27.631021
27.631021
27.631021
27.631021
27.631021
27.631021
27.631021
27.631021
27.631021
27.631021
0
13.583683
13.573899
13.428062
13.225452
12.979488
12.754636
12.584319
12.436403
12.289591
12.167132
12.067549
12.003373
11.993420
12.025944
12.129546
12.285886
12.499162
12.761972
13.012292
13.279249
13.512024
13.723408
13.969667
14.206516
14.348120
14.435608
14.529011
14.606325
14.715216
14.831078
14.920640
15.001867
15.099050
15.207463
15.354393
15.509819
15.595514
15.669944
15.788688
15.927916
16.138709
16.361795
16.408114
16.378164
16.325373
16.277878
16.534570
16.698271
16.225104
15.712578
15.181419
14.821046
14.642139
14.517283
14.416981
14.344220
14.323044
14.303523
14.250119
14.178475
14.057137
13.943086
13.864669
13.825278
13.801485
13.783749
13.774660
13.782566
13.777792
13.761709
13.704453
13.563370
13.391771
13.209137
13.027782
12.847861
12.684578
12.553695
12.426539
12.294910
12.165414
12.030409
11.899458
11.785343
11.675570
11.558183
11.444668
11.339269
11.241760
11.155551
11.073485
10.990664
10.909886
10.829111
10.754468
10.696512
10.640276
10.586930
10.515262
10.377834
10.261871
10.204983
10.182289
10.228162
10.297390
10.339115
10.379208
10.423848
10.472232
10.528919
10.583033
10.622516
10.653423
10.672973
10.683903
10.696873
10.697507
10.673913
10.633056
10.575748
10.506454
10.429193
10.344392
10.250906
10.156579
10.066312
9.973921
9.886242
9.805676
9.733020
9.672528
9.618644
9.571956
9.525193
9.477090
9.423837
9.363888
9.291856
9.202105
9.102900
8.994914
8.885248
8.780769
8.675099
8.577829
8.471007
8.314091
8.170315
8.073114
8.002794
7.993053
7.966659
7.857588
7.720886
7.562004
7.411700
7.289366
7.172303
7.056034
6.942494
6.831445
6.722237
6.614684
6.508699
6.404173
6.301122
6.197981
6.097779
6.003128
5.911711
5.828760
5.741560
5.642833
5.538342
5.425438
5.313275
5.207635
5.104551
5.004047
4.904750
4.805664
4.708015
4.612200
4.517891
4.424598
4.333369
4.244131
4.157594
4.073940
3.993022
3.915767
3.841865
3.772656
3.708097
3.649424
3.597137
3.551655
3.513467
3.482852
3.460387
3.446272
3.441977
3.446587
3.461347
3.484880
3.517428
3.558092
3.606463
3.662368
3.725612
3.795718
3.871828
3.953787
4.039973
4.130836
4.225266
4.323522
4.424450
4.528235
4.633802
4.740994
4.850290
4.961026
5.075436
5.198537
5.328707
5.472962
5.619648
5.744351
5.853150
5.932175
5.999176
6.082992
6.172897
6.278160
6.390466
6.501759
6.614897
6.725927
6.836787
6.948440
7.060402
7.173326
7.286711
7.401477
7.515507
7.623171
7.730188
7.845841
7.967588
8.106956
8.241408
8.370895
8.470713
8.556006
8.644905
8.730397
8.814339
8.895876
8.978339
9.060179
9.140621
9.220530
9.302313
9.384746
9.466576
9.549126
9.631334
9.720144
9.832753
9.956998
10.095588
10.228639
10.303465
10.342260
10.337286
10.321131
10.333226
10.357727
10.408418
10.467767
10.518309
10.571567
10.632098
10.695627
10.762144
10.829259
10.888550
10.942718
10.992816
11.042628
11.096078
11.148036
11.199303
11.246996
11.277363
11.306467
11.357106
11.408945
11.446014
11.477628
11.498287
11.519216
11.559363
11.607930
11.661623
11.717258
11.767567
11.817782
11.867664
11.919906
11.989192
12.055979
12.094767
12.115278
12.135832
12.184645
12.246887
12.333110
12.426783
12.505062
12.573375
12.614472
12.645180
12.670468
12.701997
12.766962
12.857771
13.000039
13.162009
13.307743
13.426690
13.435852
13.399213
13.364582
13.320012
13.274344
13.232639
13.194943
13.165953
13.161013
13.173151
13.217792
13.262504
13.290956
13.229154
13.163787
13.135610
13.154218
13.314016
13.552715
13.831457
14.137715
14.254469
14.282967
14.291518
14.280565
14.304349
14.318561
14.316928
14.307074
14.272876
14.234451
14.205643
14.185144
14.198049
14.212179
14.186958
14.161090
14.153710
14.157828
14.195987
14.241023
14.242140
14.244081
14.282804
14.336956
14.393952
14.459855
14.505965
14.476644
14.406589
14.278276
14.153153
14.068014
14.017527
14.041658
14.077136
14.085101
14.070938
13.991560
13.901712
13.826121
13.767312
13.741944
13.744169
13.801088
13.865709
13.879538
13.880154
13.868052
13.862939
13.907502
13.959081
13.970585
13.980853
14.028026
14.070568
14.071410
14.066901
14.058332
14.049113
14.069996
14.098699
14.102649
14.114246
14.183911
14.257111
14.274239
14.267262
14.226450
14.185239
14.186521
14.202479
14.221951
14.251079
14.290520
14.330377
14.372645
14.410848
14.425252
14.433958
14.454937
14.463557
14.431898
14.396817
14.383609
14.368083
14.352691
14.298167
14.246098
14.228366
14.235297
14.283910
14.347681
14.385910
14.439300
14.556559
14.728430
15.039332
15.416378
15.520652
15.466883
15.284823
15.094439
14.985353
14.911746
14.863852
14.847187
14.927354
15.025421
15.044478
15.027473
14.940266
14.868250
14.892342
14.958182
15.101282
15.242680
15.271515
15.141341
14.992982
14.884427
14.816691
14.860054
14.949163
15.053038
15.157782
15.220446
15.257267
15.252533
15.224151
15.165123
15.107253
15.085609
15.085591
15.104722
15.143979
15.230023
15.339403
15.495212
15.623425
15.542628
15.406581
15.292725
15.173505
15.028443
14.924585
14.902452
14.909273
14.978475
15.016606
15.058626
15.121269
15.192468
15.266281
15.316214
15.282641
15.230914
15.200596
15.177266
15.162497
15.155168
15.175532
15.204640
15.199954
15.195233
15.240297
15.295374
15.354394
15.386486
15.293091
15.173255
15.062224
14.994487
15.054438
15.152865
15.238820
15.275026
15.132800
15.006042
15.022019
15.080097
15.157699
15.222130
15.216964
15.177229
15.077323
14.990276
14.935263
14.916172
15.040626
15.231465
15.385330
15.510202
15.513834
15.503621
15.561140
15.673075
15.957730
16.356655
16.721225
17.029788
16.925092
16.762731
16.776923
16.804974
16.889273
16.969300
16.914717
16.794734
16.615049
16.489777
16.491737
16.515579
16.556845
16.559282
16.551970
16.539358
16.581424
16.842821
17.173541
17.228204
17.112151
16.764676
16.499181
16.452737
16.492289
16.640638
16.806489
16.859272
16.891518
16.860837
16.844168
17.020440
17.217116
17.160499
17.002617
16.731225
16.568738
16.732697
16.990180
17.112650
17.166396
16.981412
16.948673
16.910462
16.884685
16.761641
16.375888
16.082100
15.942571
15.889308
16.046375
16.215259
16.062793
15.885276
15.759481
15.678232
15.711897
15.796954
15.936608
16.045340
16.004706
15.906236
15.663965
15.485587
15.538680
15.655260
15.753738
15.848623
15.890275
15.901055
15.888049
15.851821
15.729063
15.709364
15.722545
15.816635
15.929605
15.941580
15.919471
15.903215
15.901699
15.924548
15.944345
15.998808
16.009133
15.845839
15.700420
15.631719
15.609583
15.732209
15.861775
15.769740
15.652980
15.553523
15.506584
15.633942
15.872382
16.294158
17.001564
17.998581
27.631021
27.631021
19.940948
20.397136
20.615128
19.928690
19.540019
19.807906
20.440570
21.845329
27.631021
27.631021
27.631021
27.631021
27.631021
27.631021
27.631021
21.845329
20.440570
19.807906
19.540019
19.807906
20.440570
23.906856
27.631021
20.633575
19.698925
19.616176
19.698925
20.427498
27.631021
27.631021
27.631021
27.631021
27.631021
27.631021
21.845329
20.440570
19.807906
19.540019
19.807906
20.440570
21.845329
27.631021
27.631021
27.631021
27.631021
27.631021
20.427498
19.698925
19.616176
19.698925
20.427498
27.631021
27.631021
27.631021
27.631021
27.631021
20.373001
19.408001
18.957026
18.724910
18.876465
19.246409
19.791452
20.784632
27.631021
27.631021
27.631021
27.631021
27.631021
27.631021
27.631021
27.631021
27.631021
20.665009
19.778288
19.248572
19.005778
19.248572
19.778288
20.665009
27.631021
27.631021
27.631021
21.152182
19.747423
19.114759
18.846872
19.114759
19.747423
21.152182
27.631021
27.631021
27.631021
27.631021
27.631021
27.631021
27.631021
27.631021
20.427498
19.698925
19.616176
19.698925
20.427498
27.631021
27.631021
27.631021
27.631021
27.631021
27.631021
27.631021
27.631021
27.631021
27.631021
27.631021
27.631021
27.631021
27.631021
27.631021
27.631021
27.631021
27.631021
27.631021
27.631021
27.631021
27.631021
27.631021
27.631021
27.631021
27.631021
27.631021
27.631021
27.631021
27.631021
27.631021
27.631021
27.631021
27.631021
27.631021
27.631021
27.631021
27.631021
27.631021
27.631021
27.631021
27.631021
27.631021
27.631021
27.631021
27.631021
27.631021
27.631021
27.631021
27.631021
27.631021
27.631021
27.631021
27.631021
27.631021
27.631021
27.631021
27.631021
27.631021
27.631021
27.631021
27.631021
27.631021
27.631021
27.631021
27.631021
27.631021
27.631021
27.631021
27.631021
27.631021
27.631021
20.427498
19.698925
19.616176
19.698925
20.427498
27.631021
27.631021
27.631021
27.631021
27.631021
27.631021
27.631021
27.631021
27.631021
27.631021
20.427498
19.698925
19.616176
19.698925
20.427498
27.631021
27.631021
27.631021
27.631021
27.631021
27.631021
27.631021
27.631021
27.631021
27.631021
27.631021
27.631021
27.631021
20.746717
19.341958
18.709294
18.441406
18.709294
19.341958
20.746717
27.631021
27.631021
27.631021
27.631021
27.631021
27.631021
27.631021
27.631021
27.631021
27.631021
27.631021
27.631021
27.631021
27.631021
27.631021
27.631021
27.631021
27.631021
27.631021
27.631021
27.631021
27.631021
27.631021
27.631021
27.631021
27.631021
18.635739
17.907166
17.824417
17.907166
18.635739
27.631021
27.631021
27.631021
27.631021
27.631021
27.631021
27.631021
27.631021
27.631021
27.631021
27.631021
27.631021
27.631021
27.631021
27.631021
27.631021
27.631021
27.631021
27.631021
27.631021
27.631021
27.631021
27.631021
27.631021
27.631021
27.631021
27.631021
27.631021
27.631021
27.631021
27.631021
27.631021
27.631021
27.631021
27.631021
27.631021
27.631021
27.631021
27.631021
27.631021
27.631021
27.631021
27.631021
27.631021
27.631021
27.631021
27.631021
27.631021
27.631021
27.631021
27.631021
27.631021
27.631021
27.631021
27.631021
27.631021
27.631021
27.631021
27.631021
27.631021
27.631021
27.631021
27.631021
27.631021
27.631021
27.631021
20.736085
19.403255
18.648810
18.272832
18.173474
18.272832
18.648810
19.339087
20.279869
21.815429
27.631021
27.631021
27.631021
27.631021
27.631021
27.631021
27.631021
27.631021
27.631021
27.631021
27.631021
27.631021
27.631021
27.631021
27.631021
27.631021
27.631021
27.631021
27.631021
27.631021
27.631021
27.631021
27.631021
0
12.936392
13.102390
13.154087
13.117211
12.976514
12.818429
12.710065
12.607011
12.490019
12.386407
12.305090
12.244135
12.197188
12.181021
12.228004
12.315335
12.458324
12.646714
12.860487
13.090537
13.261649
13.391606
13.430606
13.454596
13.593008
13.755205
13.891211
14.006489
14.022114
14.002310
14.004120
14.022429
14.087655
14.170623
14.259603
14.358439
14.443087
14.533819
14.696276
14.884886
14.959426
15.007261
15.168591
15.360594
15.502615
15.630921
15.758330
15.753081
15.513535
15.252538
14.996826
14.770739
14.612315
14.477841
14.309555
14.188530
14.210731
14.261783
14.264150
14.241223
14.159729
14.070511
14.016191
13.936611
13.861720
13.798851
13.749406
13.740476
13.729045
13.703024
13.627968
13.458171
13.274563
13.083937
12.921803
12.838603
12.758867
12.648987
12.516571
12.339517
12.180119
12.070603
11.966833
11.848144
11.744175
11.672469
11.599818
11.514584
11.427877
11.324759
11.231108
11.174253
11.122605
11.057077
10.995356
10.947329
10.902333
10.865836
10.812927
10.694251
10.594414
10.554640
10.545087
10.596774
10.670732
10.715610
10.752926
10.779580
10.813660
10.871902
10.945508
11.056942
11.178967
11.256962
11.326248
11.407756
11.491294
11.585533
11.683410
11.760879
11.841652
11.962216
12.096823
12.225568
12.359494
12.486073
12.624968
12.774336
12.945300
13.121756
13.279784
13.421880
13.519891
13.585027
13.644905
13.684757
13.688991
13.677792
13.671117
13.674277
13.718663
13.759427
13.741322
13.713977
13.709047
13.715642
13.727191
13.740984
13.757160
13.803451
13.963025
14.142717
14.185132
14.143400
14.009696
13.873175
13.798784
13.721587
13.625501
13.519103
13.387647
13.266602
13.183701
13.111114
13.043080
12.969226
12.870707
12.763924
12.650831
12.557904
12.510962
12.460879
12.398541
12.318595
12.189787
12.059064
11.944501
11.845242
11.772887
11.707779
11.648359
11.582178
11.495478
11.401349
11.302179
11.203378
11.112264
11.017884
10.917632
10.808149
10.701299
10.605778
10.510873
10.410914
10.314002
10.224120
10.136077
10.051026
9.965116
9.873863
9.781947
9.690638
9.602645
9.519912
9.436837
9.350742
9.267989
9.191313
9.115689
9.041532
8.966634
8.888856
8.810723
8.730859
8.652635
8.577572
8.505342
8.439172
8.374961
8.309635
8.242586
8.177805
8.111819
8.053570
8.015735
7.985757
7.969724
7.946048
7.889334
7.820252
7.739974
7.661123
7.593591
7.532423
7.480613
7.431943
7.384896
7.336711
7.281679
7.226893
7.175824
7.126158
7.079090
7.031906
6.984572
6.934722
6.873739
6.813929
6.763348
6.719210
6.690570
6.658542
6.619019
6.557445
6.487087
6.413237
6.337066
6.259456
6.182259
6.108485
6.035371
5.962465
5.889483
5.814915
5.740861
5.665940
5.594442
5.524860
5.464256
5.420845
5.387715
5.379752
5.364976
5.321397
5.252125
5.137469
5.016650
4.904620
4.802055
4.716960
4.639920
4.569291
4.502899
4.439203
4.377704
4.316550
4.257450
4.200545
4.146514
4.095826
4.048248
4.003684
3.962407
3.924251
3.889953
3.861401
3.836249
3.815932
3.794376
3.760949
3.729433
3.704656
3.688556
3.691717
3.704237
3.720482
3.741999
3.768120
3.799191
3.835200
3.875781
3.920643
3.969803
4.023025
4.079908
4.140701
4.205532
4.273998
4.345400
4.420026
4.497249
4.577393
4.660168
4.746039
4.833173
4.925440
5.027596
5.141305
5.280927
5.434869
5.594291
5.746078
5.839115
5.895628
5.915755
5.923450
5.956689
6.000337
6.066357
6.144355
6.228883
6.319478
6.409278
6.500330
6.588522
6.673640
6.758460
6.843381
6.936546
7.062450
7.201094
7.336852
7.466284
7.549202
7.611792
7.680631
7.747390
7.818469
7.890439
7.967104
8.044131
8.114489
8.182963
8.253199
8.323592
8.394159
8.465473
8.539072
8.614325
8.690995
8.769499
8.845568
8.927380
9.030640
9.149632
9.296936
9.446713
9.586339
9.667431
9.702906
9.678358
9.629109
9.580533
9.537352
9.518789
9.514331
9.530079
9.559580
9.600543
9.650287
9.706697
9.767679
9.829024
9.889316
9.938102
9.983391
10.025739
10.070803
10.137145
10.211064
10.281838
10.350636
10.409065
10.462476
10.513578
10.565989
10.624807
10.684650
10.748259
10.812769
10.871067
10.923798
10.966831
11.007805
11.053287
11.101855
11.160064
11.219672
11.267942
11.315879
11.376088
11.438059
11.492602
11.544779
11.596255
11.647254
11.702192
11.753977
11.786480
11.820153
11.882324
11.951373
12.008610
12.063269
12.118380
12.174238
12.236014
12.295902
12.338681
12.374554
12.411168
12.463048
12.525486
12.604398
12.701879
12.831615
12.976139
13.120249
13.267256
13.395773
13.489740
13.509604
13.478194
13.398618
13.323634
13.303625
13.289217
13.264149
13.237157
13.196473
13.171132
13.189848
13.225739
13.269133
13.327247
13.418183
13.520427
13.611166
13.674710
13.655926
13.611064
13.566601
13.588046
13.625355
13.642271
13.675161
13.771453
13.870336
13.928965
13.953095
13.863369
13.770174
13.748752
13.754027
13.793191
13.876083
14.038699
14.243823
14.477180
14.695829
14.710899
14.630336
14.504225
14.338517
14.139690
13.983078
13.910452
13.881454
13.923351
13.967409
13.916168
13.896448
13.902325
14.004492
14.148151
14.287496
14.413736
14.499680
14.522845
14.377473
14.215936
14.108768
14.048481
14.098747
14.188041
14.253702
14.319163
14.417471
14.508773
14.507034
14.438050
14.268310
14.132679
14.119212
14.164019
14.317644
14.505994
14.602285
14.648496
14.574954
14.496035
14.511247
14.551705
14.611088
14.674421
14.708653
14.744821
14.836799
14.905024
14.794262
14.676904
14.649225
14.681367
14.862696
15.098365
15.206058
15.250899
15.208909
15.202445
15.366384
15.587283
15.904536
16.324193
16.461590
16.387877
16.148916
15.955630
15.967239
16.019869
16.096788
16.181085
16.111913
16.032266
16.088558
16.089619
16.103014
16.287486
16.481609
16.345656
16.176842
16.016299
15.916587
16.076474
16.359992
16.749152
17.033952
16.439959
16.008429
15.840950
15.758653
15.848314
15.966949
15.873246
15.806296
15.981959
16.280724
16.682424
17.092588
16.894292
16.622218
16.510752
16.364076
16.102553
15.908638
15.792767
15.881089
16.028718
16.147794
16.172278
15.905016
15.674618
15.598506
15.562673
15.571714
15.536901
15.323122
15.163377
15.156445
15.203212
15.339574
15.521063
15.661883
15.745292
15.679378
15.586255
15.476716
15.404555
15.527380
15.692859
15.704131
15.684320
15.649592
15.600912
15.564164
15.566549
15.696974
15.787812
15.801874
15.542570
15.324425
15.245625
15.250658
15.488628
15.793688
15.796561
15.724409
15.647470
15.553842
15.451974
15.377809
15.376039
15.420648
15.618710
15.835498
15.721886
15.516972
15.275390
15.120328
15.132080
15.245492
15.647780
16.423403
17.777513
27.631021
27.631021
27.631021
19.533841
18.647120
18.117404
17.874611
18.117404
18.647120
19.533841
27.631021
27.631021
27.631021
27.631021
27.631021
19.296330
18.567758
18.485009
18.567758
19.296330
27.631021
27.631021
27.631021
27.631021
27.631021
27.631021
27.631021
27.631021
27.631021
27.631021
27.631021
27.631021
27.631021
27.631021
27.631021
27.631021
27.631021
27.631021
27.631021
27.631021
27.631021
27.631021
27.631021
27.631021
19.241463
18.512891
18.430142
18.512891
19.464762
27.631021
19.823225
18.717031
18.471406
18.231260
17.946138
17.827759
17.935960
18.178199
19.079415
27.631021
27.631021
27.631021
20.714162
19.309402
18.676739
18.408851
18.567758
19.296330
27.631021
27.631021
27.631021
27.631021
27.631021
27.631021
27.631021
27.631021
27.631021
19.296330
18.567758
18.485009
18.567758
19.296330
27.631021
27.631021
27.631021
27.631021
27.631021
19.079415
18.178199
17.935960
17.827759
17.946138
18.231260
18.471406
18.717031
19.502407
27.631021
27.631021
22.178565
19.309402
18.676739
18.408851
18.676739
19.309402
20.714162
27.631021
27.631021
27.631021
27.631021
27.631021
19.296330
18.567758
18.485009
18.567758
19.296330
27.631021
27.631021
27.631021
27.631021
27.631021
27.631021
27.631021
27.631021
27.631021
27.631021
27.631021
27.631021
27.631021
27.631021
27.631021
27.631021
27.631021
27.631021
27.631021
27.631021
27.631021
27.631021
27.631021
27.631021
27.631021
27.631021
27.631021
27.631021
27.631021
27.631021
27.631021
27.631021
27.631021
27.631021
27.631021
27.631021
27.631021
19.296330
18.567758
18.485009
18.567758
19.296330
27.631021
27.631021
27.631021
27.631021
27.631021
27.631021
27.631021
27.631021
27.631021
27.631021
27.631021
27.631021
27.631021
27.631021
27.631021
27.631021
20.714162
19.309402
18.676739
18.408851
18.676739
19.309402
20.714162
27.631021
27.631021
27.631021
20.714162
19.309402
18.676739
18.408851
18.676739
19.309402
20.714162
27.631021
27.631021
27.631021
27.631021
27.631021
27.631021
27.631021
27.631021
27.631021
27.631021
27.631021
27.631021
27.631021
27.631021
27.631021
27.631021
27.631021
27.631021
27.631021
27.631021
27.631021
27.631021
27.631021
27.631021
27.631021
27.631021
27.631021
27.631021
27.631021
27.631021
27.631021
27.631021
27.631021
27.631021
27.631021
27.631021
27.631021
27.631021
27.631021
27.631021
27.631021
27.631021
27.631021
27.631021
27.631021
27.631021
27.631021
27.631021
27.631021
27.631021
27.631021
27.631021
27.631021
27.631021
27.631021
27.631021
27.631021
27.631021
27.631021
27.631021
27.631021
19.296330
18.567758
18.485009
18.567758
19.296330
27.631021
27.631021
27.631021
27.631021
27.631021
27.631021
27.631021
27.631021
27.631021
27.631021
27.631021
27.631021
27.631021
27.631021
27.631021
27.631021
27.631021
27.631021
27.631021
27.631021
27.631021
27.631021
27.631021
27.631021
27.631021
27.631021
27.631021
27.631021
27.631021
27.631021
27.631021
27.631021
27.631021
27.631021
27.631021
27.631021
27.631021
27.631021
27.631021
27.631021
20.714162
19.309402
18.676739
18.408851
18.782346
19.653464
20.021015
19.653464
18.782346
18.408851
18.623551
19.371954
27.631021
27.631021
27.631021
19.371954
18.623551
18.408851
18.667226
19.586747
27.631021
27.631021
27.631021
27.631021
27.631021
27.631021
27.631021
27.631021
27.631021
22.476021
20.940461
19.999679
19.309402
18.933423
18.834066
18.933423
19.309402
19.999679
20.940461
22.476021
27.631021
27.631021
27.631021
27.631021
27.631021
27.631021
27.631021
27.631021
27.631021
27.631021
27.631021
0
12.749687
13.004415
13.141227
13.143530
12.960999
12.751313
12.609496
12.490834
12.400942
12.318696
12.230680
12.146032
12.049158
11.983627
11.981862
12.020319
12.141344
12.304625
12.448970
12.580087
12.650466
12.688612
12.690317
12.680716
12.684000
12.703261
12.784581
12.901269
13.056305
13.225120
13.321218
13.387595
13.461682
13.511567
13.506038
13.494939
13.481080
13.476736
13.546149
13.657436
13.780435
13.934299
14.165320
14.438523
14.668075
14.867223
15.076391
15.220450
15.028560
14.751565
14.517806
14.357372
14.318345
14.303674
14.293366
14.234953
14.038358
13.909196
13.972651
14.078036
14.197466
14.277279
14.085896
13.944128
13.842190
13.912177
14.005530
13.982351
13.917235
13.861703
13.766490
13.615937
13.413635
13.110225
12.880155
12.798884
12.731515
12.635981
12.530464
12.394285
12.251794
12.101774
11.985779
11.941133
11.900607
11.850834
11.788375
11.668201
11.546609
11.460090
11.383930
11.309637
11.240458
11.184658
11.127479
11.053512
10.985313
10.938104
10.880796
10.783229
10.701855
10.652237
10.629878
10.679473
10.750518
10.787019
10.826322
10.882191
10.943149
11.011854
11.090265
11.177370
11.263567
11.334895
11.400561
11.452316
11.501863
11.574730
11.659342
11.740430
11.823510
11.924155
12.047493
12.216080
12.397367
12.553820
12.626887
12.674785
12.762497
12.888733
13.169848
13.530627
13.746209
13.900197
13.957351
13.955079
14.057037
14.132785
14.001294
13.838539
13.708258
13.634067
13.713636
13.816891
13.823255
13.802800
13.728931
13.684205
13.800226
13.960032
14.064205
14.122489
14.044521
13.952680
13.936887
13.919500
13.871924
13.813303
13.731958
13.652065
13.596950
13.558176
13.537904
13.520333
13.553117
13.537840
13.317717
13.118741
13.004508
12.938032
12.996281
13.059341
12.976749
12.877139
12.804924
12.742792
12.737958
12.723927
12.619647
12.500711
12.382905
12.296517
12.285152
12.282285
12.255174
12.230415
12.213776
12.186811
12.162857
12.071027
11.979616
11.945019
11.931110
11.932265
11.929163
11.885044
11.848375
11.858442
11.883169
11.908444
11.938944
11.969120
11.994969
12.022634
12.044933
12.042129
12.035160
12.037849
12.038099
12.019509
12.022676
12.110388
12.221533
12.298270
12.348900
12.327083
12.305351
12.359280
12.442606
12.576113
12.651537
12.691422
12.646453
12.602071
12.646052
12.715016
12.799499
12.876754
12.865594
12.835801
12.856248
12.886476
12.904775
12.897105
12.852055
12.800161
12.757188
12.697710
12.605441
12.506540
12.399311
12.297296
12.221089
12.164132
12.130835
12.082669
11.991922
11.902954
11.815036
11.743529
11.728285
11.735271
11.712734
11.585656
11.458427
11.371298
11.280278
11.196094
11.105628
10.959799
10.827610
10.764905
10.708326
10.628890
10.547238
10.452703
10.359000
10.273553
10.206121
10.176088
10.152079
10.132742
10.096163
10.005164
9.902036
9.812478
9.718150
9.602866
9.491352
9.391381
9.301833
9.236812
9.176960
9.105008
9.031214
8.959550
8.892605
8.833424
8.778808
8.727009
8.676190
8.629166
8.581444
8.525821
8.469481
8.417305
8.364556
8.320941
8.264458
8.166850
8.066437
7.971471
7.890431
7.845279
7.807705
7.760025
7.715075
7.677401
7.641191
7.606944
7.571886
7.527428
7.482911
7.445578
7.412274
7.378822
7.341331
7.301633
7.256391
7.212027
7.173925
7.138196
7.103039
7.069514
7.031137
7.000656
6.988375
6.993065
7.037782
7.088362
7.123789
7.131138
7.070018
6.983854
6.886277
6.789853
6.709155
6.635557
6.570707
6.510935
6.456885
6.403184
6.345196
6.286083
6.224011
6.163166
6.104921
6.045601
5.998307
5.982436
5.972944
5.964882
5.948556
5.898856
5.840256
5.785560
5.731448
5.681046
5.630222
5.576213
5.521830
5.468099
5.415020
5.363805
5.312723
5.259668
5.207226
5.156599
5.107260
5.056447
5.009957
4.967852
4.935487
4.920330
4.918442
4.936040
4.969543
5.001142
5.015377
5.002559
4.938535
4.848992
4.735122
4.621611
4.520634
4.432599
4.365641
4.310454
4.266621
4.229783
4.196581
4.167627
4.142260
4.120020
4.100296
4.083144
4.063749
4.049925
4.049783
4.059823
4.088284
4.120698
4.141937
4.157632
4.161939
4.164348
4.172653
4.182646
4.195010
4.208996
4.223446
4.239894
4.259809
4.282368
4.308273
4.336268
4.364823
4.394265
4.423851
4.454901
4.488290
4.523745
4.562607
4.603188
4.643452
4.684166
4.724771
4.766498
4.810308
4.855903
4.904643
4.955006
5.005356
5.056426
5.107253
5.158808
5.212489
5.267520
5.322928
5.380387
5.440757
5.504461
5.574398
5.652855
5.744601
5.867170
6.012372
6.197834
6.386618
6.495660
6.529209
6.430487
6.301663
6.193832
6.112886
6.095359
6.108010
6.155013
6.221436
6.290599
6.366408
6.439597
6.514688
6.589274
6.663720
6.738049
6.812645
6.884802
6.957333
7.037388
7.117436
7.197080
7.270677
7.343839
7.423084
7.502199
7.574576
7.645099
7.716092
7.788820
7.870927
7.955291
8.026751
8.101678
8.198427
8.313783
8.469796
8.651768
8.846996
9.034721
9.153637
9.196158
9.106415
8.979856
8.863695
8.765874
8.709380
8.688952
8.732920
8.809650
8.928373
9.037290
9.139280
9.177281
9.201588
9.258883
9.321819
9.388349
9.454297
9.501186
9.544745
9.599685
9.659209
9.729055
9.798167
9.845909
9.884342
9.914108
9.947192
10.005380
10.076095
10.161735
10.252224
10.332095
10.407525
10.469229
10.522426
10.568406
10.612568
10.669494
10.729041
10.783440
10.836304
10.886551
10.937521
11.001681
11.070785
11.128701
11.185200
11.248549
11.315862
11.384690
11.463215
11.566955
11.681534
11.794851
11.920118
12.059958
12.221784
12.467753
12.752957
12.932421
13.012576
12.936603
12.823988
12.752036
12.695225
12.690607
12.708160
12.748525
12.772006
12.710642
12.653265
12.636019
12.664116
12.709144
12.729223
12.736946
12.724023
12.742078
12.879837
13.048435
13.145840
13.208810
13.182355
13.153972
13.251943
13.371341
13.388899
13.383140
13.424391
13.464273
13.472909
13.472925
13.432647
13.386686
13.382766
13.408114
13.481418
13.563210
13.628860
13.675559
13.673936
13.602316
13.406659
13.270982
13.188423
13.271960
13.342579
13.180479
13.007298
12.862830
12.777412
12.869054
13.028899
13.160488
13.257703
13.260335
13.240662
13.176972
13.124390
13.190613
13.292525
13.395960
13.477545
13.447256
13.395098
13.348142
13.315472
13.354328
13.403796
13.404502
13.423786
13.520985
13.613533
13.631781
13.633355
13.644742
13.785414
13.982780
14.161153
14.270482
14.115927
13.986552
14.085828
14.217124
14.261605
14.287167
14.196746
14.140063
14.386726
14.787973
15.030152
15.156231
15.124525
14.990088
14.705527
14.511441
14.520863
14.632696
15.046531
15.861746
16.761015
18.320673
27.631021
27.631021
18.463454
17.416143
17.333394
17.416143
18.144716
27.631021
27.631021
27.631021
27.631021
27.631021
18.350792
17.565417
17.231181
17.026584
17.094534
17.324536
17.645907
18.157788
19.562547
27.631021
27.631021
27.631021
27.631021
27.631021
27.631021
27.631021
27.631021
27.631021
27.631021
27.631021
27.631021
27.631021
27.631021
27.631021
27.631021
27.631021
27.631021
27.631021
27.631021
18.144716
17.416143
17.333394
17.416143
18.382226
27.631021
18.382226
17.416143
17.432026
17.495505
17.451568
17.495505
17.432026
17.416143
18.144716
27.631021
27.631021
27.631021
27.631021
27.631021
18.350792
17.565417
17.231181
17.026584
17.026584
17.308815
17.740950
18.090218
18.332346
17.645907
17.257236
17.525124
18.157788
19.562547
27.631021
27.631021
27.631021
27.631021
27.631021
27.631021
27.631021
27.631021
27.631021
27.631021
27.631021
27.631021
27.631021
27.631021
27.631021
27.631021
27.631021
27.631021
27.631021
27.631021
27.631021
27.631021
27.631021
27.631021
27.631021
27.631021
19.562547
18.157788
17.525124
17.257236
17.525124
18.157788
19.562547
27.631021
27.631021
27.631021
27.631021
27.631021
27.631021
27.631021
27.631021
27.631021
27.631021
27.631021
27.631021
27.631021
27.631021
27.631021
27.631021
27.631021
27.631021
27.631021
27.631021
27.631021
27.631021
27.631021
27.631021
27.631021
27.631021
27.631021
27.631021
27.631021
27.631021
27.631021
27.631021
27.631021
27.631021
27.631021
27.631021
27.631021
27.631021
27.631021
27.631021
27.631021
27.631021
27.631021
27.631021
27.631021
27.631021
27.631021
27.631021
27.631021
27.631021
27.631021
18.157788
17.525124
17.257236
17.525124
18.157788
21.026950
27.631021
27.631021
18.332346
17.094534
16.640389
16.731524
17.026584
17.927800
27.631021
27.631021
27.631021
27.631021
27.631021
27.631021
27.631021
27.631021
27.631021
27.631021
27.631021
21.624073
18.332346
17.094534
16.640389
16.731524
17.026584
18.332346
21.624073
27.631021
27.631021
27.631021
27.631021
27.631021
27.631021
27.631021
27.631021
27.631021
27.631021
27.631021
27.631021
27.631021
19.562547
18.157788
17.525124
17.257236
17.525124
18.157788
19.562547
27.631021
27.631021
27.631021
27.631021
27.631021
27.631021
27.631021
27.631021
27.631021
27.631021
27.631021
27.631021
27.631021
27.631021
27.631021
27.631021
27.631021
27.631021
27.631021
27.631021
27.631021
27.631021
27.631021
27.631021
27.631021
27.631021
27.631021
27.631021
27.631021
27.631021
27.631021
27.631021
21.624073
18.332346
17.094534
16.640389
16.731524
17.026584
17.927800
27.631021
27.631021
27.631021
27.631021
27.631021
27.631021
27.631021
27.631021
27.631021
27.631021
27.631021
27.631021
27.631021
27.631021
27.631021
27.631021
27.631021
18.350792
17.565417
17.231181
17.026584
17.094534
17.324536
17.645907
18.157788
19.562547
27.631021
27.631021
27.631021
27.631021
27.631021
27.631021
27.631021
27.631021
27.631021
27.631021
18.144716
17.416143
17.333394
17.416143
18.144716
27.631021
27.631021
27.631021
27.631021
27.631021
27.631021
27.631021
27.631021
27.631021
27.631021
27.631021
27.631021
27.631021
27.631021
27.631021
27.631021
27.631021
27.631021
27.631021
27.631021
27.631021
27.631021
27.631021
27.631021
27.631021
27.631021
27.631021
27.631021
27.631021
27.631021
27.631021
27.631021
27.631021
27.631021
27.631021
27.631021
27.631021
27.631021
27.631021
27.631021
27.631021
27.631021
27.631021
27.631021
27.631021
27.631021
27.631021
27.631021
27.631021
27.631021
27.631021
27.631021
27.631021
27.631021
0
12.655428
13.039755
13.241959
13.212983
12.884123
12.565648
12.378471
12.243748
12.160298
12.116000
12.130072
12.170621
12.248032
12.302980
12.184710
12.089600
12.136237
12.237440
12.464694
12.755883
12.834859
12.802285
12.702996
12.637070
12.687078
12.767370
12.931906
13.122631
13.101078
13.040327
13.124851
13.226090
13.213491
13.193032
13.210457
13.244454
13.401607
13.613202
13.634608
13.569926
13.504171
13.477701
13.561737
13.690703
13.862084
14.035252
14.229952
14.302702
14.003361
13.587879
13.047345
12.738043
12.722127
12.778852
12.939761
13.138867
13.091853
13.014665
13.092488
13.162952
13.095121
13.009417
12.891726
12.820548
12.812529
13.040025
13.357074
13.490006
13.479918
13.201211
12.969764
12.959625
12.940101
12.803744
12.673539
12.533451
12.418021
12.449263
12.474079
12.327042
12.165037
12.030281
11.887908
11.760770
11.643217
11.489574
11.357846
11.288031
11.241570
11.232171
11.231606
11.214959
11.170853
11.056925
10.947264
10.874996
10.820276
10.811736
10.790674
10.668765
10.568789
10.556993
10.585664
10.693255
10.835454
10.929163
10.997753
11.037615
11.065811
11.067424
11.063963
11.103665
11.163411
11.234961
11.310617
11.373528
11.432179
11.471927
11.533819
11.698646
11.902202
12.098349
12.287744
12.309696
12.293497
12.373749
12.527508
12.689885
12.764387
12.829105
12.858728
12.911012
13.218813
13.646589
13.672032
13.567297
13.461685
13.360694
13.393014
13.478354
13.557687
13.598405
13.524081
13.480886
13.558383
13.691294
14.055877
14.467719
14.137349
13.794651
13.648461
13.511839
13.368152
13.269194
13.193421
13.144255
13.204863
13.315755
13.420266
13.480517
13.416498
13.342039
13.267940
13.203985
13.267204
13.319385
13.186823
13.040477
12.951985
12.865897
12.753755
12.669583
12.651410
12.635006
12.602518
12.568627
12.476227
12.399129
12.447890
12.533085
12.627629
12.658925
12.431288
12.235178
12.212138
12.213678
12.228380
12.212863
12.031165
11.896213
11.790460
11.765179
11.772311
11.799037
11.833243
11.876764
11.908026
11.849638
11.782132
11.757120
11.758200
11.836285
11.901206
11.841084
11.766413
11.692842
11.640250
11.683240
11.759507
11.804100
11.856251
11.944640
12.049248
12.167929
12.298793
12.411154
12.503612
12.575682
12.638055
12.677672
12.789418
12.907088
12.905008
12.864945
12.823941
12.806240
12.911218
13.070190
13.242697
13.381596
13.314517
13.242078
13.288024
13.350951
13.467298
13.586463
13.513003
13.365750
13.206219
13.107435
13.155231
13.259779
13.434991
13.588160
13.491953
13.375681
13.326438
13.287116
13.271092
13.297942
13.404176
13.541254
13.704374
13.746508
13.744112
13.843071
13.935229
13.868102
13.756827
13.637882
13.477722
13.255158
13.121269
13.169794
13.227482
13.225021
13.213253
13.105193
13.011138
13.076003
13.166567
13.121197
13.070061
13.093414
13.155032
13.422440
13.625627
13.263937
12.861006
12.444637
12.174225
12.122099
12.113057
12.113411
12.117242
12.049462
11.981598
11.974379
11.968558
11.949849
11.922583
11.837809
11.752717
11.731796
11.715179
11.661786
11.607099
11.550883
11.500155
11.481058
11.468375
11.447916
11.410033
11.339103
11.258555
11.147279
11.063866
11.105255
11.138498
11.044619
10.934185
10.810730
10.705507
10.686856
10.655493
10.619378
10.557350
10.503249
10.478002
10.448679
10.410860
10.349845
10.223344
10.111208
10.045099
9.998702
9.998710
10.019291
10.030281
10.031500
10.030162
10.009490
9.938215
9.853033
9.768196
9.685525
9.621964
9.555034
9.469956
9.378779
9.276417
9.181861
9.103562
9.037523
8.990735
8.949244
8.913935
8.875684
8.852983
8.873285
8.903720
8.931165
8.947732
8.918015
8.874870
8.844202
8.812532
8.774827
8.732129
8.679365
8.626000
8.578998
8.537920
8.508600
8.481462
8.451408
8.419463
8.379831
8.341339
8.308019
8.281507
8.259488
8.249689
8.266343
8.299288
8.359810
8.429625
8.481936
8.456776
8.394967
8.302976
8.206717
8.130135
8.053457
7.965977
7.885446
7.817807
7.765062
7.745169
7.728085
7.688523
7.647332
7.606752
7.572762
7.560444
7.551750
7.534545
7.512979
7.483325
7.454756
7.435650
7.417434
7.398676
7.377050
7.343120
7.309011
7.284314
7.261762
7.240681
7.218174
7.187891
7.159140
7.140819
7.124230
7.107120
7.087507
7.060254
7.029684
6.993475
6.957404
6.926510
6.900392
6.889144
6.875928
6.847371
6.808704
6.752162
6.695634
6.651550
6.610997
6.574470
6.540556
6.507454
6.473478
6.436947
6.401213
6.366323
6.332178
6.302802
6.269447
6.235854
6.195818
6.164774
6.149529
6.153884
6.198959
6.271638
6.400511
6.532696
6.609994
6.603173
6.435526
6.224250
5.996595
5.801239
5.660308
5.549123
5.475740
5.417005
5.364183
5.313668
5.257403
5.201270
5.144378
5.090278
5.044300
4.999983
4.953626
4.906721
4.857536
4.811199
4.765782
4.720409
4.676711
4.634790
4.595056
4.559121
4.525873
4.494448
4.465539
4.437745
4.413407
4.388749
4.374738
4.380409
4.405099
4.468253
4.550599
4.655182
4.750392
4.787453
4.767441
4.654912
4.516277
4.371448
4.244781
4.150764
4.085352
4.066388
4.073341
4.112498
4.157009
4.202217
4.218258
4.225424
4.231543
4.237198
4.247002
4.259144
4.275132
4.293388
4.313388
4.335255
4.358904
4.383765
4.408901
4.434876
4.460732
4.488702
4.521575
4.557607
4.598234
4.640713
4.680611
4.720395
4.759958
4.800489
4.845119
4.891359
4.936134
4.981684
5.029399
5.078560
5.130848
5.184705
5.236337
5.288359
5.343016
5.399559
5.457343
5.519299
5.584869
5.659096
5.751699
5.864242
6.013504
6.191305
6.394175
6.621478
6.848899
7.064573
7.212034
7.289197
7.265851
7.193329
7.122157
7.052293
7.003303
6.965756
6.949738
6.942951
6.936755
6.933991
6.932337
6.937573
6.949021
6.972397
7.003649
7.039614
7.078026
7.115339
7.154741
7.194818
7.237698
7.295280
7.352525
7.387765
7.416679
7.442181
7.468453
7.511521
7.558425
7.600811
7.636361
7.653477
7.665037
7.677888
7.693149
7.720234
7.750629
7.780091
7.807512
7.825212
7.842402
7.860468
7.908086
7.957119
8.017451
8.013356
7.812625
7.627043
7.513094
7.447419
7.499651
7.591078
7.646966
7.704295
7.773579
7.847018
7.918295
7.988556
8.045707
8.099459
8.165580
8.233844
8.293282
8.352315
8.417455
8.485542
8.565199
8.647760
8.713301
8.774135
8.839767
8.906306
8.977042
9.043872
9.103783
9.134239
9.169328
9.256072
9.353957
9.435507
9.509302
9.550048
9.583152
9.642133
9.704776
9.751699
9.801415
9.877489
9.956952
10.024749
10.087366
10.133203
10.175972
10.201313
10.245625
10.377859
10.600472
11.085242
11.994982
13.557084
27.631021
27.631021
18.330014
16.428334
15.732114
15.777795
15.885827
15.731646
15.571122
15.352107
15.212776
15.486173
15.895725
15.616738
15.382864
15.504036
15.663802
16.161072
16.649419
15.319332
14.733498
14.672528
14.742908
15.084997
15.736420
16.044476
16.050530
16.138916
16.212567
15.987253
15.842456
16.047053
16.381289
17.166665
27.631021
27.631021
27.631021
27.631021
27.631021
27.631021
27.631021
27.631021
27.631021
27.631021
27.631021
27.631021
18.170417
16.437819
15.639589
15.222420
15.077389
15.092617
15.435940
16.050530
17.100103
27.631021
27.631021
27.631021
27.631021
27.631021
27.631021
17.573840
15.829054
15.258000
15.174307
15.258000
15.895518
17.538473
27.631021
18.505269
16.048453
15.415789
15.147902
15.415789
16.048453
17.453212
27.631021
27.631021
27.631021
18.378420
16.973660
16.340997
16.073109
16.581790
17.573840
16.565525
15.941091
15.593777
15.456262
15.987253
17.359829
16.930227
16.381289
16.235627
16.232015
16.960588
27.631021
27.631021
27.631021
27.631021
27.631021
27.631021
27.631021
27.631021
27.631021
27.631021
27.631021
27.631021
27.631021
27.631021
27.631021
27.631021
27.631021
27.631021
27.631021
27.631021
27.631021
27.631021
27.631021
27.631021
27.631021
27.631021
27.631021
27.631021
27.631021
27.631021
27.631021
27.631021
27.631021
27.631021
27.631021
27.631021
27.631021
27.631021
27.631021
27.631021
27.631021
27.631021
27.631021
27.631021
27.631021
27.631021
27.631021
27.631021
27.631021
27.631021
27.631021
27.631021
27.631021
27.631021
27.631021
27.631021
27.631021
27.631021
27.631021
27.631021
27.631021
27.631021
27.631021
27.631021
27.631021
27.631021
27.631021
18.378420
16.973660
16.340997
16.073109
16.340997
16.973660
18.378420
27.631021
27.631021
27.631021
27.631021
27.631021
27.631021
27.631021
27.631021
27.631021
27.631021
27.631021
27.631021
27.631021
27.631021
27.631021
27.631021
27.631021
27.631021
27.631021
27.631021
27.631021
27.631021
27.631021
27.631021
27.631021
27.631021
27.631021
27.631021
27.631021
27.631021
27.631021
27.631021
27.631021
27.631021
27.631021
27.631021
27.631021
27.631021
27.631021
27.631021
27.631021
27.631021
27.631021
27.631021
27.631021
27.631021
27.631021
27.631021
27.631021
27.631021
27.631021
27.631021
27.631021
27.631021
27.631021
27.631021
27.631021
27.631021
27.631021
27.631021
27.631021
27.631021
27.631021
27.631021
27.631021
27.631021
27.631021
27.631021
27.631021
27.631021
27.631021
27.631021
27.631021
27.631021
27.631021
27.631021
27.631021
27.631021
27.631021
27.631021
27.631021
27.631021
27.631021
27.631021
27.631021
27.631021
27.631021
27.631021
27.631021
18.378420
16.973660
16.340997
16.073109
16.340997
16.973660
18.378420
27.631021
27.631021
27.631021
27.631021
27.631021
27.631021
27.631021
27.631021
27.631021
27.631021
27.631021
27.631021
27.631021
27.631021
27.631021
27.631021
27.631021
27.631021
27.631021
27.631021
27.631021
27.631021
27.631021
27.631021
27.631021
27.631021
27.631021
27.631021
27.631021
27.631021
27.631021
27.631021
27.631021
27.631021
27.631021
27.631021
18.378420
16.973660
16.340997
16.073109
16.249359
16.815660
18.417914
27.631021
27.631021
27.631021
27.631021
27.631021
27.631021
27.631021
27.631021
27.631021
27.631021
27.631021
27.631021
27.631021
27.631021
27.631021
27.631021
27.631021
27.631021
27.631021
27.631021
27.631021
27.631021
27.631021
27.631021
27.631021
27.631021
27.631021
27.631021
27.631021
27.631021
27.631021
27.631021
27.631021
27.631021
27.631021
27.631021
27.631021
27.631021
0
27.631021
27.631021
27.631021
27.631021
27.631021
27.631021
27.631021
27.631021
27.631021
27.631021
27.631021
27.631021
27.631021
27.631021
27.631021
27.631021
27.631021
27.631021
27.631021
27.631021
27.631021
27.631021
27.631021
27.631021
27.631021
27.631021
27.631021
27.631021
27.631021
27.631021
27.631021
27.631021
27.631021
27.631021
27.631021
27.631021
27.631021
27.631021
27.631021
27.631021
27.631021
27.631021
27.631021
27.631021
27.631021
27.631021
27.631021
27.631021
27.631021
27.631021
27.631021
27.631021
27.631021
27.631021
27.631021
27.631021
27.631021
27.631021
27.631021
27.631021
27.631021
27.631021
27.631021
27.631021
27.631021
27.631021
27.631021
27.631021
27.631021
27.631021
27.631021
27.631021
27.631021
27.631021
27.631021
27.631021
27.631021
27.631021
27.631021
27.631021
27.631021
27.631021
27.631021
27.631021
27.631021
27.631021
27.631021
27.631021
27.631021
27.631021
27.631021
27.631021
27.631021
27.631021
27.631021
27.631021
27.631021
27.631021
27.631021
27.631021
27.631021
27.631021
27.631021
27.631021
27.631021
27.631021
27.631021
27.631021
27.631021
27.631021
27.631021
27.631021
27.631021
27.631021
27.631021
27.631021
27.631021
27.631021
27.631021
27.631021
27.631021
27.631021
27.631021
27.631021
27.631021
27.631021
27.631021
27.631021
27.631021
27.631021
27.631021
27.631021
27.631021
27.631021
27.631021
27.631021
27.631021
27.631021
27.631021
27.631021
27.631021
27.631021
27.631021
27.631021
27.631021
27.631021
27.631021
27.631021
27.631021
27.631021
27.631021
27.631021
27.631021
27.631021
27.631021
27.631021
27.631021
27.631021
27.631021
27.631021
27.631021
27.631021
27.631021
27.631021
27.631021
27.631021
27.631021
27.631021
27.631021
27.631021
27.631021
27.631021
27.631021
27.631021
27.631021
27.631021
27.631021
27.631021
27.631021
27.631021
27.631021
27.631021
27.631021
27.631021
27.631021
27.631021
27.631021
27.631021
27.631021
27.631021
27.631021
27.631021
27.631021
27.631021
27.631021
27.631021
27.631021
27.631021
27.631021
27.631021
27.631021
27.631021
27.631021
27.631021
27.631021
27.631021
27.631021
27.631021
27.631021
27.631021
27.631021
27.631021
27.631021
27.631021
27.631021
27.631021
27.631021
27.631021
27.631021
27.631021
27.631021
27.631021
27.631021
27.631021
27.631021
27.631021
27.631021
27.631021
27.631021
27.631021
27.631021
27.631021
27.631021
27.631021
27.631021
27.631021
27.631021
27.631021
27.631021
27.631021
27.631021
27.631021
27.631021
27.631021
27.631021
27.631021
27.631021
27.631021
27.631021
27.631021
27.631021
27.631021
27.631021
27.631021
27.631021
27.631021
27.631021
27.631021
27.631021
27.631021
27.631021
27.631021
27.631021
27.631021
27.631021
27.631021
27.631021
27.631021
27.631021
27.631021
27.631021
27.631021
27.631021
27.631021
27.631021
27.631021
27.631021
27.631021
27.631021
27.631021
27.631021
27.631021
27.631021
27.631021
27.631021
27.631021
27.631021
27.631021
27.631021
27.631021
27.631021
27.631021
27.631021
27.631021
27.631021
27.631021
27.631021
27.631021
27.631021
27.631021
27.631021
27.631021
27.631021
27.631021
27.631021
27.631021
27.631021
27.631021
27.631021
27.631021
27.631021
27.631021
27.631021
27.631021
27.631021
27.631021
27.631021
27.631021
27.631021
27.631021
27.631021
27.631021
27.631021
27.631021
27.631021
27.631021
27.631021
27.631021
27.631021
27.631021
27.631021
27.631021
27.631021
27.631021
27.631021
27.631021
27.631021
27.631021
27.631021
27.631021
27.631021
27.631021
27.631021
27.631021
27.631021
27.631021
27.631021
27.631021
27.631021
27.631021
27.631021
27.631021
27.631021
27.631021
27.631021
27.631021
27.631021
27.631021
27.631021
27.631021
27.631021
27.631021
27.631021
27.631021
27.631021
27.631021
27.631021
27.631021
27.631021
27.631021
27.631021
27.631021
27.631021
27.631021
27.631021
27.631021
27.631021
27.631021
27.631021
27.631021
27.631021
27.631021
27.631021
27.631021
27.631021
27.631021
27.631021
27.631021
27.631021
27.631021
27.631021
27.631021
27.631021
27.631021
27.631021
27.631021
27.631021
27.631021
22.965033
22.780919
22.597723
22.415446
22.234087
22.053646
21.874124
21.695520
21.517834
21.341066
21.165217
20.990285
20.816273
20.643178
20.471002
20.299744
20.129404
19.959982
19.791479
19.623894
19.457228
19.291479
19.126649
18.962737
18.799744
18.637668
18.476511
18.316273
18.156952
17.998550
17.841066
17.684500
17.528853
17.374124
17.220313
17.067420
16.915446
16.764390
16.614252
16.465033
16.316732
16.169349
16.022884
15.877338
15.732710
15.589000
15.446208
15.304335
15.163380
15.023343
14.884225
14.746025
14.608743
14.472379
14.336934
14.202407
14.068798
13.936107
13.804335
13.673481
13.543545
13.414528
13.286429
13.159248
13.032985
12.907641
12.783215
12.659707
12.537117
12.415446
12.294693
12.174858
12.055942
11.937944
11.820864
11.704702
11.589459
11.475134
11.361727
11.249239
11.137668
11.027016
10.917283
10.808467
10.700570
10.593591
10.487531
10.382388
10.278164
10.174858
10.072471
9.971002
9.870451
9.770818
9.672104
9.574307
9.477430
9.381470
9.286429
9.192306
9.099101
9.006814
8.915446
8.824996
8.735464
8.646851
8.559156
8.472379
8.386520
8.301580
8.217558
8.134454
8.052269
7.971002
7.890653
7.811222
7.732710
7.655116
7.578440
7.502682
7.427843
7.353922
7.280919
7.208835
7.137668
7.067420
6.998091
6.929679
6.862186
6.795611
6.729955
6.665217
6.601397
6.538495
6.476511
6.415446
6.355299
6.296071
6.237760
6.180368
6.123894
6.068339
6.013701
5.959982
5.907182
5.855299
5.804335
5.754289
5.705161
5.656952
5.609661
5.563288
5.517834
5.473297
5.429679
5.386980
5.345198
5.304335
5.264390
5.225363
5.187255
5.150065
5.113793
5.078440
5.044004
5.010487
4.977889
4.946208
4.915446
4.885602
4.856677
4.828669
4.801580
4.775409
4.750157
4.725823
4.702407
4.679909
4.658329
4.637668
4.617925
4.599101
4.581194
4.564206
4.548137
4.532985
4.518752
4.505437
4.493040
4.481562
4.471002
4.461360
4.452636
4.444831
4.437944
4.431975
4.426925
4.422792
4.419578
4.417283
4.415905
4.415446
4.415905
4.417283
4.419578
4.422792
4.426925
4.431975
4.437944
4.444831
4.452636
4.461360
4.471002
4.481562
4.493040
4.505437
4.518752
4.532985
4.548137
4.564206
4.581194
4.599101
4.617925
4.637668
4.658329
4.679909
4.702407
4.725823
4.750157
4.775409
4.801580
4.828669
4.856677
4.885602
4.915446
4.946208
4.977889
5.010487
5.044004
5.078440
5.113793
5.150065
5.187255
5.225363
5.264390
5.304335
5.345198
5.386980
5.429679
5.473297
5.517834
5.563288
5.609661
5.656952
5.705161
5.754289
5.804335
5.855299
5.907182
5.959982
6.013701
6.068339
6.123894
6.180368
6.237760
6.296071
6.355299
6.415446
6.476511
6.538495
6.601397
6.665217
6.729955
6.795611
6.862186
6.929679
6.998091
7.067420
7.137668
7.208835
7.280919
7.353922
7.427843
7.502682
7.578440
7.655116
7.732710
7.811222
7.890653
7.971002
8.052269
8.134454
8.217558
8.301580
8.386520
8.472379
8.559156
8.646851
8.735464
8.824996
8.915446
9.006814
9.099101
9.192306
9.286429
9.381470
9.477430
9.574307
9.672104
9.770818
9.870451
9.971002
10.072471
10.174858
10.278164
10.382388
10.487531
10.593591
10.700570
10.808467
10.917283
11.027016
11.137668
11.249239
11.361727
11.475134
11.589459
11.704702
11.820864
11.937944
12.055942
12.174858
12.294693
12.415446
12.537117
12.659707
12.783215
12.907641
13.032985
13.159248
13.286429
13.414528
13.543545
13.673481
13.804335
13.936107
14.068798
14.202407
14.336934
14.472379
14.608743
14.746025
14.884225
15.023343
15.163380
15.304335
15.446208
15.589000
15.732710
15.877338
16.022884
16.169349
16.316732
16.465033
16.614252
16.764390
16.915446
17.067420
17.220313
17.374124
17.528853
17.684500
17.841066
17.998550
18.156952
18.316273
18.476511
18.637668
18.799744
18.962737
19.126649
19.291479
19.457228
19.623894
19.791479
19.959982
20.129404
20.299744
20.471002
20.643178
20.816273
20.990285
21.165217
21.341066
21.517834
21.695520
21.874124
22.053646
22.234087
22.415446
22.597723
22.780919
22.965033
27.631021
27.631021
27.631021
27.631021
27.631021
27.631021
27.631021
27.631021
27.631021
27.631021
27.631021
27.631021
27.631021
27.631021
27.631021
27.631021
27.631021
27.631021
27.631021
27.631021
27.631021
27.631021
27.631021
27.631021
27.631021
27.631021
27.631021
27.631021
27.631021
27.631021
27.631021
27.631021
27.631021
27.631021
27.631021
27.631021
27.631021
27.631021
27.631021
27.631021
27.631021
27.631021
27.631021
27.631021
27.631021
27.631021
27.631021
27.631021
27.631021
27.631021
27.631021
27.631021
27.631021
27.631021
27.631021
27.631021
27.631021
27.631021
27.631021
27.631021
27.631021
27.631021
27.631021
27.631021
27.631021
27.631021
27.631021
27.631021
27.631021
27.631021
27.631021
27.631021
27.631021
27.631021
27.631021
27.631021
27.631021
27.631021
27.631021
27.631021
27.631021
27.631021
27.631021
27.631021
27.631021
27.631021
27.631021
27.631021
27.631021
27.631021
27.631021
27.631021
27.631021
27.631021
27.631021
27.631021
27.631021
27.631021
27.631021
27.631021
27.631021
27.631021
27.631021
27.631021
27.631021
27.631021
27.631021
27.631021
27.631021
27.631021
27.631021
27.631021
27.631021
27.631021
27.631021
27.631021
27.631021
27.631021
27.631021
27.631021
27.631021
27.631021
27.631021
27.631021
27.631021
27.631021
27.631021
27.631021
27.631021
27.631021
27.631021
27.631021
27.631021
27.631021
27.631021
27.631021
27.631021
27.631021
27.631021
27.631021
27.631021
27.631021
27.631021
27.631021
27.631021
27.631021
27.631021
27.631021
27.631021
27.631021
27.631021
27.631021
27.631021
27.631021
27.631021
27.631021
27.631021
27.631021
27.631021
27.631021
27.631021
27.631021
27.631021
27.631021
27.631021
27.631021
27.631021
27.631021
27.631021
27.631021
27.631021
27.631021
27.631021
27.631021
27.631021
27.631021
27.631021
27.631021
27.631021
27.631021
27.631021
27.631021
27.631021
27.631021
27.631021
27.631021
27.631021
27.631021
27.631021
27.631021
27.631021
27.631021
27.631021
27.631021
27.631021
27.631021
27.631021
27.631021
27.631021
0
27.631021
27.631021
27.631021
27.631021
27.631021
27.631021
27.631021
27.631021
27.631021
27.631021
27.631021
27.631021
27.631021
27.631021
27.631021
27.631021
27.631021
27.631021
27.631021
27.631021
27.631021
27.631021
27.631021
27.631021
27.631021
27.631021
27.631021
27.631021
27.631021
27.631021
27.631021
27.631021
27.631021
27.631021
27.631021
27.631021
27.631021
27.631021
27.631021
27.631021
27.631021
27.631021
27.631021
27.631021
27.631021
27.631021
27.631021
27.631021
27.631021
27.631021
27.631021
27.631021
27.631021
27.631021
27.631021
27.631021
27.631021
27.631021
27.631021
27.631021
27.631021
27.631021
27.631021
27.631021
27.631021
27.631021
27.631021
27.631021
27.631021
27.631021
27.631021
27.631021
27.631021
27.631021
27.631021
27.631021
27.631021
27.631021
27.631021
27.631021
27.631021
27.631021
27.631021
27.631021
27.631021
27.631021
27.631021
27.631021
27.631021
27.631021
27.631021
27.631021
27.631021
27.631021
27.631021
27.631021
27.631021
27.631021
27.631021
27.631021
27.631021
27.631021
27.631021
27.631021
27.631021
27.631021
27.631021
27.631021
27.631021
27.631021
27.631021
27.631021
27.631021
27.631021
27.631021
27.631021
27.631021
27.631021
27.631021
27.631021
27.631021
27.631021
27.631021
27.631021
27.631021
27.631021
27.631021
27.631021
27.631021
27.631021
27.631021
27.631021
27.631021
27.631021
27.631021
27.631021
27.631021
27.631021
27.631021
27.631021
27.631021
27.631021
27.631021
27.631021
27.631021
27.631021
27.631021
27.631021
27.631021
27.631021
27.631021
27.631021
27.631021
27.631021
27.631021
27.631021
27.631021
27.631021
27.631021
27.631021
27.631021
27.631021
27.631021
27.631021
27.631021
27.631021
27.631021
27.631021
27.631021
27.631021
27.631021
27.631021
27.631021
27.631021
27.631021
27.631021
27.631021
27.631021
27.631021
27.631021
27.631021
27.631021
27.631021
27.631021
27.631021
27.631021
27.631021
27.631021
27.631021
27.631021
27.631021
27.631021
27.631021
27.631021
27.631021
27.631021
27.631021
27.631021
27.631021
27.631021
27.631021
27.631021
27.631021
27.631021
27.631021
27.631021
27.631021
27.631021
27.631021
27.631021
27.631021
27.631021
27.631021
27.631021
27.631021
27.631021
27.631021
27.631021
27.631021
27.631021
27.631021
27.631021
27.631021
27.631021
27.631021
27.631021
27.631021
27.631021
27.631021
27.631021
27.631021
27.631021
27.631021
27.631021
27.631021
27.631021
27.631021
27.631021
27.631021
27.631021
27.631021
27.631021
27.631021
27.631021
27.631021
27.631021
27.631021
27.631021
27.631021
27.631021
27.631021
27.631021
27.631021
27.631021
27.631021
27.631021
27.631021
27.631021
27.631021
27.631021
27.631021
27.631021
27.631021
27.631021
27.631021
27.631021
27.631021
27.631021
27.631021
27.631021
27.631021
27.631021
27.631021
27.631021
27.631021
27.631021
27.631021
27.631021
27.631021
27.631021
27.631021
27.631021
27.631021
27.631021
27.631021
27.631021
27.631021
27.631021
27.631021
27.631021
27.631021
27.631021
27.631021
27.631021
27.631021
27.631021
27.631021
27.631021
27.631021
27.631021
27.631021
27.631021
27.631021
27.631021
27.631021
27.631021
27.631021
27.631021
27.631021
27.631021
27.631021
27.631021
27.631021
27.631021
27.631021
27.631021
27.631021
27.631021
27.631021
27.631021
27.631021
27.631021
27.631021
27.631021
27.631021
27.631021
27.631021
27.631021
27.631021
27.631021
27.631021
27.631021
27.631021
27.631021
27.631021
27.631021
27.631021
27.631021
27.631021
27.631021
27.631021
27.631021
27.631021
27.631021
27.631021
27.631021
27.631021
27.631021
27.631021
27.631021
27.631021
27.631021
27.631021
27.631021
27.631021
27.631021
27.631021
27.631021
27.631021
27.631021
27.631021
27.631021
27.631021
27.631021
27.631021
27.631021
27.631021
27.631021
27.631021
27.631021
27.631021
27.631021
27.631021
27.631021
27.631021
27.631021
27.631021
27.631021
27.631021
27.631021
27.631021
27.631021
27.631021
27.631021
27.631021
27.631021
27.631021
27.631021
27.631021
27.631021
27.631021
27.631021
27.631021
27.631021
27.631021
27.631021
27.631021
27.631021
27.631021
27.631021
27.631021
27.631021
27.631021
27.631021
27.631021
27.631021
27.631021
27.631021
27.631021
27.631021
27.631021
27.631021
27.631021
27.631021
27.631021
27.631021
27.631021
27.631021
27.631021
27.631021
27.631021
27.631021
27.631021
27.631021
27.631021
27.631021
27.631021
27.631021
27.631021
27.631021
27.631021
27.631021
27.631021
27.631021
27.631021
27.631021
27.631021
27.631021
27.631021
27.631021
27.631021
27.631021
27.631021
27.631021
27.631021
27.631021
27.631021
27.631021
27.631021
27.631021
27.631021
27.631021
27.631021
27.631021
27.631021
27.631021
27.631021
27.631021
27.631021
27.631021
27.631021
27.631021
27.631021
27.631021
27.631021
27.631021
27.631021
27.631021
27.631021
22.873699
22.714766
22.556525
22.398976
22.242120
22.085957
21.930486
21.775708
21.621622
21.468228
21.315527
21.163519
21.012203
20.861580
20.711649
20.562411
20.413865
20.266012
20.118852
19.972383
19.826608
19.681525
19.537134
19.393436
19.250431
19.108117
18.966497
18.825569
18.685334
18.545791
18.406940
18.268782
18.131317
17.994544
17.858464
17.723076
17.588381
17.454378
17.321068
17.188450
17.056525
16.925292
16.794752
16.664904
16.535749
16.407286
16.279516
16.152439
16.026054
15.900361
15.775361
15.651054
15.527439
15.404516
15.282286
15.160749
15.039904
14.919752
14.800292
14.681525
14.563450
14.446068
14.329378
14.213381
14.098076
13.983464
13.869544
13.756317
13.643782
13.531940
13.420791
13.310334
13.200569
13.091497
12.983117
12.875431
12.768436
12.662134
12.556525
12.451608
12.347383
12.243852
12.141012
12.038865
11.937411
11.836649
11.736580
11.637203
11.538519
11.440527
11.343228
11.246622
11.150708
11.055486
10.960957
10.867120
10.773976
10.681525
10.589766
10.498699
10.408325
10.318644
10.229655
10.141358
10.053755
9.966843
9.880624
9.795098
9.710264
9.626123
9.542674
9.459918
9.377854
9.296483
9.215804
9.135818
9.056525
8.977924
8.900015
8.822799
8.746275
8.670444
8.595306
8.520860
8.447106
8.374045
8.301677
8.230001
8.159018
8.088727
8.019129
7.950223
7.882009
7.814489
7.747660
7.681525
7.616081
7.551331
7.487273
7.423907
7.361234
7.299253
7.237965
7.177370
7.117467
7.058256
6.999738
6.941913
6.884780
6.828339
6.772591
6.717536
6.663173
6.609503
6.556525
6.504239
6.452647
6.401746
6.351539
6.302023
6.253201
6.205070
6.157633
6.110888
6.064835
6.019475
5.974807
5.930832
5.887550
5.844960
5.803062
5.761857
5.721345
5.681525
5.642397
5.603962
5.566220
5.529170
5.492813
5.457148
5.422176
5.387896
5.354309
5.321414
5.289212
5.257702
5.226885
5.196760
5.167328
5.138588
5.110541
5.083187
5.056525
5.030555
5.005278
4.980694
4.956802
4.933602
4.911095
4.889281
4.868159
4.847730
4.827993
4.808949
4.790597
4.772937
4.755971
4.739696
4.724115
4.709226
4.695029
4.681525
4.668713
4.656594
4.645167
4.634433
4.624392
4.615043
4.606386
4.598422
4.591151
4.584572
4.578685
4.573491
4.568990
4.565181
4.562065
4.559641
4.557910
4.556871
4.556525
4.556871
4.557910
4.559641
4.562065
4.565181
4.568990
4.573491
4.578685
4.584572
4.591151
4.598422
4.606386
4.615043
4.624392
4.634433
4.645167
4.656594
4.668713
4.681525
4.695029
4.709226
4.724115
4.739696
4.755971
4.772937
4.790597
4.808949
4.827993
4.847730
4.868159
4.889281
4.911095
4.933602
4.956802
4.980694
5.005278
5.030555
5.056525
5.083187
5.110541
5.138588
5.167328
5.196760
5.226885
5.257702
5.289212
5.321414
5.354309
5.387896
5.422176
5.457148
5.492813
5.529170
5.566220
5.603962
5.642397
5.681525
5.721345
5.761857
5.803062
5.844960
5.887550
5.930832
5.974807
6.019475
6.064835
6.110888
6.157633
6.205070
6.253201
6.302023
6.351539
6.401746
6.452647
6.504239
6.556525
6.609503
6.663173
6.717536
6.772591
6.828339
6.884780
6.941913
6.999738
7.058256
7.117467
7.177370
7.237965
7.299253
7.361234
7.423907
7.487273
7.551331
7.616081
7.681525
7.747660
7.814489
7.882009
7.950223
8.019129
8.088727
8.159018
8.230001
8.301677
8.374045
8.447106
8.520860
8.595306
8.670444
8.746275
8.822799
8.900015
8.977924
9.056525
9.135818
9.215804
9.296483
9.377854
9.459918
9.542674
9.626123
9.710264
9.795098
9.880624
9.966843
10.053755
10.141358
10.229655
10.318644
10.408325
10.498699
10.589766
10.681525
10.773976
10.867120
10.960957
11.055486
11.150708
11.246622
11.343228
11.440527
11.538519
11.637203
11.736580
11.836649
11.937411
12.038865
12.141012
12.243852
12.347383
12.451608
12.556525
12.662134
12.768436
12.875431
12.983117
13.091497
13.200569
13.310334
13.420791
13.531940
13.643782
13.756317
13.869544
13.983464
14.098076
14.213381
14.329378
14.446068
14.563450
14.681525
14.800292
14.919752
15.039904
15.160749
15.282286
15.404516
15.527439
15.651054
15.775361
15.900361
16.026054
16.152439
16.279516
16.407286
16.535749
16.664904
16.794752
16.925292
17.056525
17.188450
17.321068
17.454378
17.588381
17.723076
17.858464
17.994544
18.131317
18.268782
18.406940
18.545791
18.685334
18.825569
18.966497
19.108117
19.250431
19.393436
19.537134
19.681525
19.826608
19.972383
20.118852
20.266012
20.413865
20.562411
20.711649
20.861580
21.012203
21.163519
21.315527
21.468228
21.621622
21.775708
21.930486
22.085957
22.242120
22.398976
22.556525
22.714766
22.873699
27.631021
27.631021
27.631021
27.631021
27.631021
27.631021
27.631021
27.631021
27.631021
27.631021
27.631021
27.631021
27.631021
27.631021
27.631021
27.631021
27.631021
27.631021
27.631021
27.631021
27.631021
27.631021
27.631021
27.631021
27.631021
27.631021
27.631021
27.631021
27.631021
27.631021
27.631021
27.631021
27.631021
27.631021
27.631021
27.631021
27.631021
27.631021
27.631021
27.631021
27.631021
27.631021
27.631021
27.631021
27.631021
27.631021
27.631021
27.631021
27.631021
27.631021
27.631021
27.631021
27.631021
27.631021
27.631021
27.631021
27.631021
27.631021
27.631021
27.631021
27.631021
27.631021
27.631021
27.631021
27.631021
27.631021
27.631021
27.631021
27.631021
27.631021
0
27.631021
27.631021
27.631021
27.631021
27.631021
27.631021
27.631021
27.631021
27.631021
27.631021
27.631021
27.631021
27.631021
27.631021
27.631021
27.631021
27.631021
27.631021
27.631021
27.631021
27.631021
27.631021
27.631021
27.631021
27.631021
27.631021
27.631021
27.631021
27.631021
27.631021
27.631021
27.631021
27.631021
27.631021
27.631021
27.631021
27.631021
27.631021
27.631021
27.631021
27.631021
27.631021
27.631021
27.631021
27.631021
27.631021
27.631021
27.631021
27.631021
27.631021
27.631021
27.631021
27.631021
27.631021
27.631021
27.631021
27.631021
27.631021
27.631021
27.631021
27.631021
27.631021
27.631021
27.631021
27.631021
27.631021
27.631021
27.631021
27.631021
27.631021
27.631021
27.631021
27.631021
27.631021
27.631021
27.631021
27.631021
27.631021
27.631021
27.631021
27.631021
27.631021
27.631021
27.631021
27.631021
27.631021
27.631021
27.631021
27.631021
27.631021
27.631021
27.631021
27.631021
27.631021
27.631021
27.631021
27.631021
27.631021
27.631021
27.631021
27.631021
27.631021
27.631021
27.631021
27.631021
27.631021
27.631021
27.631021
27.631021
27.631021
27.631021
27.631021
27.631021
27.631021
27.631021
27.631021
27.631021
27.631021
27.631021
27.631021
27.631021
27.631021
27.631021
27.631021
27.631021
27.631021
27.631021
27.631021
27.631021
27.631021
27.631021
27.631021
27.631021
27.631021
27.631021
27.631021
27.631021
27.631021
27.631021
27.631021
27.631021
27.631021
27.631021
27.631021
27.631021
27.631021
27.631021
27.631021
27.631021
27.631021
27.631021
27.631021
27.631021
27.631021
27.631021
27.631021
27.631021
27.631021
27.631021
27.631021
27.631021
27.631021
27.631021
27.631021
27.631021
27.631021
27.631021
27.631021
27.631021
27.631021
27.631021
27.631021
27.631021
27.631021
27.631021
27.631021
27.631021
27.631021
27.631021
27.631021
27.631021
27.631021
27.631021
27.631021
27.631021
27.631021
27.631021
27.631021
27.631021
27.631021
27.631021
27.631021
27.631021
27.631021
27.631021
27.631021
27.631021
27.631021
27.631021
27.631021
27.631021
27.631021
27.631021
27.631021
27.631021
27.631021
27.631021
27.631021
27.631021
27.631021
27.631021
27.631021
27.631021
27.631021
27.631021
27.631021
27.631021
27.631021
27.631021
27.631021
27.631021
27.631021
27.631021
27.631021
27.631021
27.631021
27.631021
27.631021
27.631021
27.631021
27.631021
27.631021
27.631021
27.631021
27.631021
27.631021
27.631021
27.631021
27.631021
27.631021
27.631021
27.631021
27.631021
27.631021
27.631021
27.631021
27.631021
27.631021
27.631021
27.631021
27.631021
27.631021
27.631021
27.631021
27.631021
27.631021
27.631021
27.631021
27.631021
27.631021
27.631021
27.631021
27.631021
27.631021
27.631021
27.631021
27.631021
27.631021
27.631021
27.631021
27.631021
27.631021
27.631021
27.631021
27.631021
27.631021
27.631021
27.631021
27.631021
27.631021
27.631021
27.631021
27.631021
27.631021
27.631021
27.631021
27.631021
27.631021
27.631021
27.631021
27.631021
27.631021
27.631021
27.631021
27.631021
27.631021
27.631021
27.631021
27.631021
27.631021
27.631021
27.631021
27.631021
27.631021
27.631021
27.631021
27.631021
27.631021
27.631021
27.631021
27.631021
27.631021
27.631021
27.631021
27.631021
27.631021
27.631021
27.631021
27.631021
27.631021
27.631021
27.631021
27.631021
27.631021
27.631021
27.631021
27.631021
27.631021
27.631021
27.631021
27.631021
27.631021
27.631021
27.631021
27.631021
27.631021
27.631021
27.631021
27.631021
27.631021
27.631021
27.631021
27.631021
27.631021
27.631021
27.631021
27.631021
27.631021
27.631021
27.631021
27.631021
27.631021
27.631021
27.631021
27.631021
27.631021
27.631021
27.631021
27.631021
27.631021
27.631021
27.631021
27.631021
27.631021
27.631021
27.631021
27.631021
27.631021
27.631021
27.631021
27.631021
27.631021
27.631021
27.631021
27.631021
27.631021
27.631021
27.631021
27.631021
27.631021
27.631021
27.631021
27.631021
27.631021
27.631021
27.631021
27.631021
27.631021
27.631021
27.631021
27.631021
27.631021
27.631021
27.631021
27.631021
27.631021
27.631021
27.631021
27.631021
27.631021
27.631021
27.631021
27.631021
27.631021
27.631021
27.631021
27.631021
27.631021
27.631021
27.631021
27.631021
27.631021
27.631021
27.631021
27.631021
27.631021
27.631021
27.631021
27.631021
27.631021
27.631021
27.631021
27.631021
27.631021
27.631021
27.631021
27.631021
27.631021
27.631021
27.631021
27.631021
27.631021
27.631021
27.631021
27.631021
27.631021
27.631021
27.631021
27.631021
27.631021
27.631021
27.631021
27.631021
27.631021
27.631021
27.631021
27.631021
27.631021
27.631021
27.631021
27.631021
27.631021
27.631021
27.631021
27.631021
27.631021
27.631021
27.631021
27.631021
27.631021
27.631021
27.631021
27.631021
27.631021
27.631021
27.631021
27.631021
27.631021
27.631021
27.631021
27.631021
27.631021
27.631021
27.631021
27.631021
27.631021
27.631021
27.631021
27.631021
27.631021
27.631021
27.631021
27.631021
27.631021
27.631021
27.631021
27.631021
27.631021
27.631021
27.631021
27.631021
27.631021
27.631021
27.631021
27.631021
27.631021
27.631021
27.631021
27.631021
27.631021
27.631021
27.631021
27.631021
27.631021
27.631021
27.631021
27.631021
27.631021
27.631021
27.631021
27.631021
27.631021
27.631021
27.631021
27.631021
27.631021
27.631021
27.631021
27.631021
27.631021
27.631021
27.631021
27.631021
27.631021
27.631021
27.631021
27.631021
27.631021
27.631021
27.631021
27.631021
27.631021
27.631021
27.631021
27.631021
27.631021
27.631021
27.631021
27.631021
22.960290
22.819944
22.680139
22.540874
22.402151
22.263968
22.126326
21.989225
21.852664
21.716645
21.581166
21.446228
21.311831
21.177975
21.044660
20.911886
20.779652
20.647959
20.516807
20.386196
20.256126
20.126596
19.997608
19.869160
19.741253
19.613887
19.487061
19.360777
19.235033
19.109830
18.985168
18.861047
18.737467
18.614427
18.491929
18.369971
18.248554
18.127678
18.007343
17.887548
17.768294
17.649582
17.531410
17.413778
17.296688
17.180139
17.064130
16.948662
16.833735
16.719349
16.605504
16.492199
16.379436
16.267213
16.155531
16.044390
15.933789
15.823730
15.714211
15.605233
15.496796
15.388900
15.281545
15.174730
15.068457
14.962724
14.857532
14.752881
14.648770
14.545201
14.442172
14.339684
14.237737
14.136331
14.035466
13.935141
13.835358
13.736115
13.637413
13.539252
13.441631
13.344552
13.248013
13.152015
13.056558
12.961642
12.867267
12.773432
12.680139
12.587386
12.495174
12.403503
12.312372
12.221783
12.131734
12.042226
11.953259
11.864833
11.776948
11.689603
11.602800
11.516537
11.430815
11.345634
11.260993
11.176894
11.093335
11.010317
10.927840
10.845904
10.764509
10.683654
10.603340
10.523568
10.444336
10.365644
10.287494
10.209884
10.132816
10.056288
9.980301
9.904855
9.829949
9.755585
9.681761
9.608478
9.535736
9.463535
9.391875
9.320755
9.250177
9.180139
9.110642
9.041685
8.973270
8.905396
8.838062
8.771269
8.705017
8.639306
8.574135
8.509506
8.445417
8.381869
8.318862
8.256396
8.194471
8.133086
8.072242
8.011940
7.952178
7.892956
7.834276
7.776136
7.718538
7.661480
7.604963
7.548987
7.493551
7.438657
7.384303
7.330490
7.277218
7.224487
7.172297
7.120647
7.069538
7.018970
6.968943
6.919457
6.870512
6.822107
6.774244
6.726921
6.680139
6.633897
6.588197
6.543038
6.498419
6.454341
6.410804
6.367808
6.325352
6.283438
6.242064
6.201231
6.160939
6.121188
6.081977
6.043308
6.005179
5.967591
5.930544
5.894038
5.858073
5.822648
5.787764
5.753422
5.719619
5.686358
5.653638
5.621458
5.589820
5.558722
5.528165
5.498148
5.468673
5.439738
5.411345
5.383492
5.356180
5.329409
5.303178
5.277489
5.252340
5.227732
5.203665
5.180139
5.157153
5.134709
5.112805
5.091442
5.070620
5.050339
5.030598
5.011399
4.992740
4.974622
4.957045
4.940009
4.923513
4.907559
4.892145
4.877272
4.862940
4.849149
4.835899
4.823189
4.811020
4.799392
4.788305
4.777759
4.767754
4.758289
4.749365
4.740982
4.733140
4.725839
4.719079
4.712859
4.707180
4.702042
4.697445
4.693389
4.689874
4.686899
4.684465
4.682572
4.681220
4.680409
4.680139
4.680409
4.681220
4.682572
4.684465
4.686899
4.689874
4.693389
4.697445
4.702042
4.707180
4.712859
4.719079
4.725839
4.733140
4.740982
4.749365
4.758289
4.767754
4.777759
4.788305
4.799392
4.811020
4.823189
4.835899
4.849149
4.862940
4.877272
4.892145
4.907559
4.923513
4.940009
4.957045
4.974622
4.992740
5.011399
5.030598
5.050339
5.070620
5.091442
5.112805
5.134709
5.157153
5.180139
5.203665
5.227732
5.252340
5.277489
5.303178
5.329409
5.356180
5.383492
5.411345
5.439738
5.468673
5.498148
5.528165
5.558722
5.589820
5.621458
5.653638
5.686358
5.719619
5.753422
5.787764
5.822648
5.858073
5.894038
5.930544
5.967591
6.005179
6.043308
6.081977
6.121188
6.160939
6.201231
6.242064
6.283438
6.325352
6.367808
6.410804
6.454341
6.498419
6.543038
6.588197
6.633897
6.680139
6.726921
6.774244
6.822107
6.870512
6.919457
6.968943
7.018970
7.069538
7.120647
7.172297
7.224487
7.277218
7.330490
7.384303
7.438657
7.493551
7.548987
7.604963
7.661480
7.718538
7.776136
7.834276
7.892956
7.952178
8.011940
8.072242
8.133086
8.194471
8.256396
8.318862
8.381869
8.445417
8.509506
8.574135
8.639306
8.705017
8.771269
8.838062
8.905396
8.973270
9.041685
9.110642
9.180139
9.250177
9.320755
9.391875
9.463535
9.535736
9.608478
9.681761
9.755585
9.829949
9.904855
9.980301
10.056288
10.132816
10.209884
10.287494
10.365644
10.444336
10.523568
10.603340
10.683654
10.764509
10.845904
10.927840
11.010317
11.093335
11.176894
11.260993
11.345634
11.430815
11.516537
11.602800
11.689603
11.776948
11.864833
11.953259
12.042226
12.131734
12.221783
12.312372
12.403503
12.495174
12.587386
12.680139
12.773432
12.867267
12.961642
13.056558
13.152015
13.248013
13.344552
13.441631
13.539252
13.637413
13.736115
13.835358
13.935141
14.035466
14.136331
14.237737
14.339684
14.442172
14.545201
14.648770
14.752881
14.857532
14.962724
15.068457
15.174730
15.281545
15.388900
15.496796
0
27.631021
27.631021
27.631021
27.631021
27.631021
27.631021
27.631021
27.631021
27.631021
27.631021
27.631021
27.631021
27.631021
27.631021
27.631021
27.631021
27.631021
27.631021
27.631021
27.631021
27.631021
27.631021
27.631021
27.631021
27.631021
27.631021
27.631021
27.631021
27.631021
27.631021
27.631021
27.631021
27.631021
27.631021
27.631021
27.631021
27.631021
27.631021
27.631021
27.631021
27.631021
27.631021
27.631021
27.631021
27.631021
27.631021
27.631021
27.631021
27.631021
27.631021
27.631021
27.631021
27.631021
27.631021
27.631021
27.631021
27.631021
27.631021
27.631021
27.631021
27.631021
27.631021
27.631021
27.631021
27.631021
27.631021
27.631021
27.631021
27.631021
27.631021
27.631021
27.631021
27.631021
27.631021
27.631021
27.631021
27.631021
27.631021
27.631021
27.631021
27.631021
27.631021
27.631021
27.631021
27.631021
27.631021
27.631021
27.631021
27.631021
27.631021
27.631021
27.631021
27.631021
27.631021
27.631021
27.631021
27.631021
27.631021
27.631021
27.631021
27.631021
27.631021
27.631021
27.631021
27.631021
27.631021
27.631021
27.631021
27.631021
27.631021
27.631021
27.631021
27.631021
27.631021
27.631021
27.631021
27.631021
27.631021
27.631021
27.631021
27.631021
27.631021
27.631021
27.631021
27.631021
27.631021
27.631021
27.631021
27.631021
27.631021
27.631021
27.631021
27.631021
27.631021
27.631021
27.631021
27.631021
27.631021
27.631021
27.631021
27.631021
27.631021
27.631021
27.631021
27.631021
27.631021
27.631021
27.631021
27.631021
27.631021
27.631021
27.631021
27.631021
27.631021
27.631021
27.631021
27.631021
27.631021
27.631021
27.631021
27.631021
27.631021
27.631021
27.631021
27.631021
27.631021
27.631021
27.631021
27.631021
27.631021
27.631021
27.631021
27.631021
27.631021
27.631021
27.631021
27.631021
27.631021
27.631021
27.631021
27.631021
27.631021
27.631021
27.631021
27.631021
27.631021
27.631021
27.631021
27.631021
27.631021
27.631021
27.631021
27.631021
27.631021
27.631021
27.631021
27.631021
27.631021
27.631021
27.631021
27.631021
27.631021
27.631021
27.631021
27.631021
27.631021
27.631021
27.631021
27.631021
27.631021
27.631021
27.631021
27.631021
27.631021
27.631021
27.631021
27.631021
27.631021
27.631021
27.631021
27.631021
27.631021
27.631021
27.631021
27.631021
27.631021
27.631021
27.631021
27.631021
27.631021
27.631021
27.631021
27.631021
27.631021
27.631021
27.631021
27.631021
27.631021
27.631021
27.631021
27.631021
27.631021
27.631021
27.631021
27.631021
27.631021
27.631021
27.631021
27.631021
27.631021
27.631021
27.631021
27.631021
27.631021
27.631021
27.631021
27.631021
27.631021
27.631021
27.631021
27.631021
27.631021
27.631021
27.631021
27.631021
27.631021
27.631021
27.631021
27.631021
27.631021
27.631021
27.631021
27.631021
27.631021
27.631021
27.631021
27.631021
27.631021
27.631021
27.631021
27.631021
27.631021
27.631021
27.631021
27.631021
27.631021
27.631021
27.631021
27.631021
27.631021
27.631021
27.631021
27.631021
27.631021
27.631021
27.631021
27.631021
27.631021
27.631021
27.631021
27.631021
27.631021
27.631021
27.631021
27.631021
27.631021
27.631021
27.631021
27.631021
27.631021
27.631021
27.631021
27.631021
27.631021
27.631021
27.631021
27.631021
27.631021
27.631021
27.631021
27.631021
27.631021
27.631021
27.631021
27.631021
27.631021
27.631021
27.631021
27.631021
27.631021
27.631021
27.631021
27.631021
27.631021
27.631021
27.631021
27.631021
27.631021
27.631021
27.631021
27.631021
27.631021
27.631021
27.631021
27.631021
27.631021
27.631021
27.631021
27.631021
27.631021
27.631021
27.631021
27.631021
27.631021
27.631021
27.631021
27.631021
27.631021
27.631021
27.631021
27.631021
27.631021
27.631021
27.631021
27.631021
27.631021
27.631021
27.631021
27.631021
27.631021
27.631021
27.631021
27.631021
27.631021
27.631021
27.631021
27.631021
27.631021
27.631021
27.631021
27.631021
27.631021
27.631021
27.631021
27.631021
27.631021
27.631021
27.631021
27.631021
27.631021
27.631021
27.631021
27.631021
27.631021
27.631021
27.631021
27.631021
27.631021
27.631021
27.631021
27.631021
27.631021
27.631021
27.631021
27.631021
27.631021
27.631021
27.631021
27.631021
27.631021
27.631021
27.631021
27.631021
27.631021
27.631021
27.631021
27.631021
27.631021
27.631021
27.631021
27.631021
27.631021
27.631021
27.631021
27.631021
27.631021
27.631021
27.631021
27.631021
27.631021
27.631021
27.631021
27.631021
27.631021
27.631021
27.631021
27.631021
27.631021
27.631021
27.631021
27.631021
27.631021
27.631021
27.631021
27.631021
27.631021
27.631021
27.631021
27.631021
27.631021
27.631021
27.631021
27.631021
27.631021
27.631021
27.631021
27.631021
27.631021
27.631021
27.631021
27.631021
27.631021
27.631021
27.631021
27.631021
27.631021
27.631021
27.631021
27.631021
27.631021
27.631021
27.631021
27.631021
27.631021
27.631021
27.631021
27.631021
27.631021
27.631021
27.631021
27.631021
27.631021
27.631021
27.631021
27.631021
27.631021
27.631021
27.631021
27.631021
27.631021
27.631021
27.631021
27.631021
27.631021
27.631021
27.631021
27.631021
27.631021
27.631021
27.631021
27.631021
27.631021
27.631021
27.631021
27.631021
27.631021
27.631021
27.631021
27.631021
27.631021
27.631021
27.631021
27.631021
27.631021
27.631021
27.631021
27.631021
27.631021
27.631021
27.631021
27.631021
27.631021
27.631021
27.631021
27.631021
27.631021
27.631021
27.631021
27.631021
27.631021
27.631021
27.631021
27.631021
27.631021
27.631021
27.631021
27.631021
27.631021
27.631021
27.631021
27.631021
27.631021
27.631021
27.631021
27.631021
27.631021
27.631021
27.631021
27.631021
27.631021
27.631021
27.631021
27.631021
27.631021
27.631021
27.631021
27.631021
27.631021
27.631021
27.631021
27.631021
27.631021
27.631021
27.631021
27.631021
27.631021
27.631021
27.631021
27.631021
27.631021
27.631021
27.631021
27.631021
27.631021
27.631021
27.631021
27.631021
27.631021
27.631021
27.631021
27.631021
27.631021
27.631021
27.631021
27.631021
27.631021
27.631021
27.631021
27.631021
27.631021
27.631021
27.631021
27.631021
27.631021
27.631021
27.631021
27.631021
27.631021
27.631021
27.631021
27.631021
27.631021
27.631021
27.631021
27.631021
27.631021
27.631021
27.631021
27.631021
27.631021
22.915357
22.790140
22.665357
22.541008
22.417093
22.293612
22.170565
22.047952
21.925773
21.804028
21.682718
21.561841
21.441398
21.321390
21.201815
21.082674
20.963968
20.845695
20.727857
20.610452
20.493482
20.376945
20.260843
20.145174
20.029940
19.915140
19.800773
19.686841
19.573343
19.460278
19.347648
19.235452
19.123690
19.012362
18.901468
18.791008
18.680982
18.571390
18.462232
18.353508
18.245218
18.137362
18.029940
17.922952
17.816398
17.710278
17.604593
17.499341
17.394523
17.290140
17.186190
17.082674
16.979593
16.876945
16.774732
16.672952
16.571607
16.470695
16.370218
16.270174
16.170565
16.071390
15.972648
15.874341
15.776468
15.679028
15.582023
15.485452
15.389315
15.293612
15.198343
15.103508
15.009107
14.915140
14.821607
14.728508
14.635843
14.543612
14.451815
14.360452
14.269523
14.179028
14.088968
13.999341
13.910148
13.821390
13.733065
13.645174
13.557718
13.470695
13.384107
13.297952
13.212232
13.126945
13.042093
12.957674
12.873690
12.790140
12.707023
12.624341
12.542093
12.460278
12.378898
12.297952
12.217440
12.137362
12.057718
11.978508
11.899732
11.821390
11.743482
11.666008
11.588968
11.512362
11.436190
11.360452
11.285148
11.210278
11.135843
11.061841
10.988273
10.915140
10.842440
10.770174
10.698343
10.626945
10.555982
10.485452
10.415357
10.345695
10.276468
10.207674
10.139315
10.071390
10.003898
9.936841
9.870218
9.804028
9.738273
9.672952
9.608065
9.543612
9.479593
9.416008
9.352857
9.290140
9.227857
9.166008
9.104593
9.043612
8.983065
8.922952
8.863273
8.804028
8.745218
8.686841
8.628898
8.571390
8.514315
8.457674
8.401468
8.345695
8.290357
8.235452
8.180982
8.126945
8.073343
8.020174
7.967440
7.915140
7.863273
7.811841
7.760843
7.710278
7.660148
7.610452
7.561190
7.512362
7.463968
7.416008
7.368482
7.321390
7.274732
7.228508
7.182718
7.137362
7.092440
7.047952
7.003898
6.960278
6.917093
6.874341
6.832023
6.790140
6.748690
6.707674
6.667093
6.626945
6.587232
6.547952
6.509107
6.470695
6.432718
6.395174
6.358065
6.321390
6.285148
6.249341
6.213968
6.179028
6.144523
6.110452
6.076815
6.043612
6.010843
5.978508
5.946607
5.915140
5.884107
5.853508
5.823343
5.793612
5.764315
5.735452
5.707023
5.679028
5.651468
5.624341
5.597648
5.571390
5.545565
5.520174
5.495218
5.470695
5.446607
5.422952
5.399732
5.376945
5.354593
5.332674
5.311190
5.290140
5.269523
5.249341
5.229593
5.210278
5.191398
5.172952
5.154940
5.137362
5.120218
5.103508
5.087232
5.071390
5.055982
5.041008
5.026468
5.012362
4.998690
4.985452
4.972648
4.960278
4.948343
4.936841
4.925773
4.915140
4.904940
4.895174
4.885843
4.876945
4.868482
4.860452
4.852857
4.845695
4.838968
4.832674
4.826815
4.821390
4.816398
4.811841
4.807718
4.804028
4.800773
4.797952
4.795565
4.793612
4.792093
4.791008
4.790357
4.790140
4.790357
4.791008
4.792093
4.793612
4.795565
4.797952
4.800773
4.804028
4.807718
4.811841
4.816398
4.821390
4.826815
4.832674
4.838968
4.845695
4.852857
4.860452
4.868482
4.876945
4.885843
4.895174
4.904940
4.915140
4.925773
4.936841
4.948343
4.960278
4.972648
4.985452
4.998690
5.012362
5.026468
5.041008
5.055982
5.071390
5.087232
5.103508
5.120218
5.137362
5.154940
5.172952
5.191398
5.210278
5.229593
5.249341
5.269523
5.290140
5.311190
5.332674
5.354593
5.376945
5.399732
5.422952
5.446607
5.470695
5.495218
5.520174
5.545565
5.571390
5.597648
5.624341
5.651468
5.679028
5.707023
5.735452
5.764315
5.793612
5.823343
5.853508
5.884107
5.915140
5.946607
5.978508
6.010843
6.043612
6.076815
6.110452
6.144523
6.179028
6.213968
6.249341
6.285148
6.321390
6.358065
6.395174
6.432718
6.470695
6.509107
6.547952
6.587232
6.626945
6.667093
6.707674
6.748690
6.790140
6.832023
6.874341
6.917093
6.960278
