SampleID	AACTCGTCGATG	AACTGTGCGTAC	ACAGACCACTCA	ACAGAGTCGGCT	ACCAGCGACTAG	ACCGCAGAGTCA	ACGGTGAGTGTC	AGCACGAGCCTA	AGCAGCACTTGT
PC.636	0.153846153846154	0.0604395604395604	0.0824175824175824	0.181318681318681	0.126373626373626	0.17032967032967	0	0.0659340659340659	0.159340659340659
PC.635	0.116666666666667	0.116666666666667	0.0611111111111111	0.183333333333333	0.105555555555556	0	0.211111111111111	0.0777777777777778	0.127777777777778
PC.356	0.119205298013245	0.0662251655629139	0	0.0993377483443709	0.0927152317880795	0.105960264900662	0.152317880794702	0.205298013245033	0.158940397350993
PC.481	0.192307692307692	0.120879120879121	0.0879120879120879	0.131868131868132	0	0.0714285714285714	0.0934065934065934	0.192307692307692	0.10989010989011
PC.354	0.166666666666667	0.0888888888888889	0.244444444444444	0.0666666666666667	0.111111111111111	0.0611111111111111	0.0666666666666667	0	0.194444444444444
PC.593	0.130177514792899	0.100591715976331	0.124260355029586	0.106508875739645	0.118343195266272	0.100591715976331	0.14792899408284	0.171597633136095	0
PC.355	0	0.0883977900552486	0.104972375690608	0.149171270718232	0.0939226519337017	0.0883977900552486	0.116022099447514	0.187845303867403	0.171270718232044
PC.607	0.118343195266272	0	0.0710059171597633	0.130177514792899	0.136094674556213	0.153846153846154	0.130177514792899	0.118343195266272	0.142011834319527
PC.634	0.160714285714286	0.101190476190476	0.0595238095238095	0	0.125	0.101190476190476	0.226190476190476	0.0714285714285714	0.154761904761905
