# chao1.txt
# days_since_epoch
xaxis: 10.0	11.0	12.0	13.0	14.0	15.0	16.0	17.0	18.0	19.0	20.0	
xmax: 21.0
>> 14174
color #0000ff
series 3.8	3.7125	3.9375	3.975	5.0625	4.75	5.3125	5.075	6.0875	6.25	6.15	
error 2.90086194087	2.99215119103	2.86866149101	2.9936390898	4.74465159416	4.32521675757	5.17619249545	4.82564762493	6.57422761623	6.79613860953	6.62325448703	
>> 14175
color #f27304
series 1.86666666667	1.8	1.63333333333	1.8	2.0	1.93333333333	1.93333333333	2.06666666667	2.2	2.13333333333	2.26666666667	
error 0.694422221867	0.588784057755	0.464279609239	0.588784057755	0.816496580928	0.736357401146	0.736357401146	0.899382504215	1.07082522695	0.984321537349	1.15854314647	
>> 14173
color #ff0000
series 2.6	3.225	3.325	4.55	3.95	3.675	4.475	4.95	4.675	4.825	4.875	
error 0.3	0.575	0.025	0.05	0.15	0.125	0.275	0.35	0.925	0.775	0.325	
