# chao1.txt
# BarcodeSequence
xaxis: 10.0	11.0	12.0	13.0	14.0	15.0	16.0	17.0	18.0	19.0	20.0	
xmax: 21.0
>> ACACTGTTCATG
color #0000ff
series 5.15	7.61666666667	7.2	6.575	7.74166666667	6.025	7.08333333333	8.275	7.89166666667	10.25	10.35	
error 3.25	5.71666666667	5.2	4.575	5.74166666667	4.125	5.08333333333	6.275	5.89166666667	8.25	8.35	
>> AGTGAGAGAAGC
color #008000
series 3.8	3.35	3.75	3.9	4.2	3.7	5.05	5.0	4.25	4.35	4.55	
error nan	nan	nan	nan	nan	nan	nan	nan	nan	nan	nan	
>> ATACTATTGCGC
color #91278d
series 2.4	2.35	2.35	2.45	2.4	2.4	2.5	2.5	2.5	2.45	2.5	
error 0.7	0.55	0.55	0.55	0.5	0.6	0.5	0.5	0.5	0.55	0.5	
>> ACCAGACGATGC
color #f27304
series 1.7	1.93333333333	1.96666666667	1.73333333333	2.06666666667	1.83333333333	2.13333333333	2.13333333333	2.03333333333	2.26666666667	2.2	
error 0.509901951359	0.776029781788	0.776029781788	0.524933858267	0.899382504215	0.623609564462	0.984321537349	0.984321537349	0.857645355351	1.15854314647	1.07082522695	
>> AACGCACGCTAG
color #ff0000
series 3.5	3.6	3.7	3.7	3.5	4.3	4.1	4.3	4.4	6.1	6.4	
error nan	nan	nan	nan	nan	nan	nan	nan	nan	nan	nan	
