# chao1.txt
# SampleType
xaxis: 10.0	11.0	12.0	13.0	14.0	15.0	16.0	17.0	18.0	19.0	20.0	
xmax: 21.0
>> Tongue
color #f27304
series 2.75	2.625	3.175	3.8	3.4	3.275	3.875	3.8	3.375	3.525	3.775	
error 0.45	0.025	0.175	0.8	0.4	0.275	0.875	0.8	0.375	0.525	0.775	
>> Other
color #0000ff
series 1.5	1.5	1.9	1.8	2.0	1.8	2.0	1.9	1.9	2.0	2.0	
error nan	nan	nan	nan	nan	nan	nan	nan	nan	nan	nan	
>> L_palm
color #ff0000
series 5.8	6.325	6.075	6.8	8.675	8.0	9.225	9.35	11.525	11.8	11.4	
error 2.9	2.525	2.775	2.3	4.575	4.2	5.025	4.05	5.925	6.2	6.2	
>> feces
color #008000
series 1.85	1.825	1.725	1.85	2.0	1.95	1.95	2.05	2.15	2.1	2.2	
error 0.60207972894	0.511737237261	0.432290411645	0.517204021639	0.707106781187	0.63835726674	0.63835726674	0.779422863406	0.93139680051	0.854400374532	1.00995049384	
