# observed_species.txt
# BarcodeSequence
xaxis: 10.0	11.0	12.0	13.0	14.0	15.0	16.0	17.0	18.0	19.0	20.0	
xmax: 21.0
>> ACACTGTTCATG
color #0000ff
series 3.8	3.85	4.0	4.2	4.45	4.75	4.65	5.15	5.1	5.05	5.25	
error 1.9	1.85	2.1	2.2	2.45	2.75	2.65	3.15	3.1	3.05	3.25	
>> AGTGAGAGAAGC
color #008000
series 2.1	2.9	3.1	3.4	3.3	3.3	3.2	3.3	3.2	3.7	3.6	
error nan	nan	nan	nan	nan	nan	nan	nan	nan	nan	nan	
>> ATACTATTGCGC
color #91278d
series 2.25	2.25	2.45	2.45	2.5	2.45	2.45	2.45	2.45	2.5	2.5	
error 0.55	0.55	0.55	0.45	0.5	0.55	0.55	0.55	0.55	0.5	0.5	
>> ACCAGACGATGC
color #f27304
series 1.6	1.7	1.6	1.66666666667	1.76666666667	1.73333333333	1.8	1.96666666667	1.83333333333	2.0	1.93333333333	
error 0.432049379894	0.509901951359	0.432049379894	0.47842333648	0.555777733351	0.524933858267	0.588784057755	0.776029781788	0.623609564462	0.816496580928	0.736357401146	
>> AACGCACGCTAG
color #ff0000
series 2.1	2.1	2.7	2.5	2.4	2.9	2.8	3.0	3.5	3.4	3.4	
error nan	nan	nan	nan	nan	nan	nan	nan	nan	nan	nan	
