# observed_species.txt
# day
xaxis: 10.0	11.0	12.0	13.0	14.0	15.0	16.0	17.0	18.0	19.0	20.0	
xmax: 21.0
>> 21
color #ff0000
series 2.15	2.6	2.6	3.1	2.9	2.85	3.35	3.45	3.45	3.5	3.6	
error 0.15	0.2	0.1	nan	nan	0.05	0.35	0.05	0.05	nan	0.2	
>> 22
color #0000ff
series 2.975	2.925	3.15	3.25	3.525	3.425	3.575	3.575	3.725	3.775	3.85	
error 1.6573699044	1.64981059519	1.57876534038	1.76281025638	2.10401402087	2.05715215772	2.1890351756	2.24986110682	2.50536923426	2.53019268041	2.65847700761	
>> 23
color #f27304
series 1.73333333333	1.7	1.6	1.7	1.83333333333	1.8	1.8	1.86666666667	1.93333333333	1.9	1.96666666667	
error 0.543650214343	0.496655480858	0.432049379894	0.496655480858	0.623609564462	0.588784057755	0.588784057755	0.659966329107	0.736357401146	0.697614984549	0.776029781788	
