# observed_species.txt
# SampleType
xaxis: 10.0	11.0	12.0	13.0	14.0	15.0	16.0	17.0	18.0	19.0	20.0	
xmax: 21.0
>> Tongue
color #f27304
series 2.9	2.85	2.95	2.95	3.1	3.05	3.2	3.35	3.25	3.25	3.35	
error nan	0.05	0.15	0.05	0.2	0.05	0.2	0.35	0.25	0.25	0.35	
>> Other
color #0000ff
series 1.7	1.8	1.8	1.9	1.9	1.8	2.0	2.0	2.0	1.9	2.0	
error nan	nan	nan	nan	nan	nan	nan	nan	nan	nan	nan	
>> L_palm
color #ff0000
series 3.9	4.55	4.5	4.85	4.75	4.9	5.05	5.2	5.4	6.0	6.2	
error 1.3	1.85	1.8	2.05	2.25	1.9	2.15	2.1	2.3	2.3	2.4	
>> feces
color #008000
series 1.7	1.8	1.85	1.75	1.875	1.775	1.925	1.925	1.875	1.975	1.95	
error 0.406201920232	0.504975246918	0.517204021639	0.433012701892	0.544862367943	0.460298815988	0.605702071979	0.605702071979	0.544862367943	0.672216482987	0.63835726674	
