# PD_whole_tree.txt
# BarcodeSequence
xaxis: 10.0	11.0	12.0	13.0	14.0	15.0	16.0	17.0	18.0	19.0	20.0	
xmax: 21.0
>> ACACTGTTCATG
color #0000ff
series 0.8252485	0.818784	0.837057	0.8310275	0.8841045	0.87306	0.881789	0.8928905	0.906444	0.9223615	0.9259985	
error 0.3664305	0.35036	0.359027	0.3529975	0.4060745	0.39503	0.403759	0.4148605	0.428414	0.4443315	0.4479685	
>> AGTGAGAGAAGC
color #008000
series 0.493502	0.530021	0.632205	0.632205	0.626388	0.645766	0.647322	0.647322	0.641505	0.611581	0.652361	
error nan	nan	nan	nan	nan	nan	nan	nan	nan	nan	nan	
>> ATACTATTGCGC
color #91278d
series 0.328311	0.327144	0.328311	0.3287	0.3287	0.3287	0.3287	0.3287	0.3287	0.3287	0.3287	
error 0.328311	0.327144	0.328311	0.3287	0.3287	0.3287	0.3287	0.3287	0.3287	0.3287	0.3287	
>> ACCAGACGATGC
color #f27304
series 0.471608666667	0.463608	0.456401333333	0.461208666667	0.481214666667	0.475613333333	0.475613333333	0.482017333333	0.495619333333	0.492417333333	0.496422	
error 0.0745238303602	0.0616191198249	0.0598107456195	0.0590413613514	0.0823638559294	0.0754922046012	0.0754922046012	0.0833638202953	0.10074579105	0.0965907221263	0.101792361049	
>> AACGCACGCTAG
color #ff0000
series 0.511997	0.630051	0.552154	0.625503	0.611377	0.611181	0.604412	0.658695	0.665464	0.658499	0.658499	
error nan	nan	nan	nan	nan	nan	nan	nan	nan	nan	nan	
