# PD_whole_tree.txt
# day
xaxis: 10.0	11.0	12.0	13.0	14.0	15.0	16.0	17.0	18.0	19.0	20.0	
xmax: 21.0
>> 21
color #ff0000
series 0.5027495	0.580036	0.5921795	0.628854	0.6188825	0.6284735	0.625867	0.6530085	0.6534845	0.63504	0.65543	
error 0.0092475	0.050015	0.0400255	0.003351	0.0075055	0.0172925	0.021455	0.0056865	0.0119795	0.023459	0.003069	
>> 22
color #0000ff
series 0.57677975	0.572964	0.582684	0.57986375	0.60640225	0.60088	0.6052445	0.61079525	0.617572	0.62553075	0.62734925	
error 0.427511908316	0.418706502897	0.427843280716	0.423566632087	0.46215650426	0.454013378492	0.460444752952	0.468672798766	0.478788215271	0.490760206304	0.493508974611	
>> 23
color #f27304
series 0.471608666667	0.463608	0.456401333333	0.461208666667	0.481214666667	0.475613333333	0.475613333333	0.482017333333	0.495619333333	0.492417333333	0.496422	
error 0.0745238303602	0.0616191198249	0.0598107456195	0.0590413613514	0.0823638559294	0.0754922046012	0.0754922046012	0.0833638202953	0.10074579105	0.0965907221263	0.101792361049	
