# PD_whole_tree.txt
# SampleType
xaxis: 10.0	11.0	12.0	13.0	14.0	15.0	16.0	17.0	18.0	19.0	20.0	
xmax: 21.0
>> Tongue
color #f27304
series 0.575062	0.5921545	0.6444135	0.6448025	0.641894	0.651583	0.652361	0.652361	0.6494525	0.6344905	0.6548805	
error 0.08156	0.0621335	0.0122085	0.0125975	0.015506	0.005817	0.005039	0.005039	0.0079475	0.0229095	0.0025195	
>> Other
color #0000ff
series 0.0	0.0	0.0	0.0	0.0	0.0	0.0	0.0	0.0	0.0	0.0	
error nan	nan	nan	nan	nan	nan	nan	nan	nan	nan	nan	
>> L_palm
color #ff0000
series 0.851838	0.8995975	0.874119	0.904764	0.950778	0.9396355	0.94498	0.983223	1.000161	1.012596	1.016233	
error 0.339841	0.2695465	0.321965	0.279261	0.339401	0.3284545	0.340568	0.324528	0.334697	0.354097	0.357734	
>> feces
color #008000
series 0.468411	0.464812	0.4618085	0.465414	0.4804185	0.4762175	0.4762175	0.4810205	0.491222	0.4888205	0.491824	
error 0.0647767410804	0.0534044548142	0.0526374992068	0.0516475192821	0.0713425203981	0.0653865411897	0.0653865411897	0.0722158288102	0.087580222836	0.083881686504	0.0885137751313	
