SampleID	AACTCGTCGATG	AACTGTGCGTAC	ACAGACCACTCA	ACAGAGTCGGCT	ACCAGCGACTAG	ACCGCAGAGTCA	ACGGTGAGTGTC	AGCACGAGCCTA	AGCAGCACTTGT
PC.636	0.103448275862069	0.0689655172413793	0.0574712643678161	0.218390804597701	0.0632183908045977	0.17816091954023	0	0.0977011494252874	0.21264367816092
PC.481	0.191860465116279	0.0988372093023256	0.063953488372093	0.104651162790698	0	0.0697674418604651	0.0697674418604651	0.255813953488372	0.145348837209302
PC.354	0.147540983606557	0.0491803278688525	0.218579234972678	0.0710382513661202	0.169398907103825	0.0710382513661202	0.0765027322404372	0	0.19672131147541
PC.635	0.0797872340425532	0.127659574468085	0.0957446808510638	0.143617021276596	0.0638297872340425	0	0.186170212765957	0.111702127659574	0.191489361702128
PC.593	0.127906976744186	0.0988372093023256	0.127906976744186	0.151162790697674	0.11046511627907	0.063953488372093	0.145348837209302	0.174418604651163	0
PC.356	0.0838709677419355	0.0387096774193548	0	0.109677419354839	0.103225806451613	0.0774193548387097	0.109677419354839	0.283870967741935	0.193548387096774
PC.355	0	0.0892857142857143	0.154761904761905	0.119047619047619	0.113095238095238	0.0476190476190476	0.0833333333333333	0.226190476190476	0.166666666666667
PC.607	0.104712041884817	0	0.104712041884817	0.151832460732984	0.0890052356020942	0.136125654450262	0.120418848167539	0.141361256544503	0.151832460732984
PC.634	0.125	0.0875	0.075	0	0.1	0.0875	0.25625	0.1125	0.15625
