# chao1.txt
# Treatment
xaxis: 10.0	23.0	36.0	49.0	62.0	75.0	88.0	101.0	114.0	127.0	140.0	
xmax: 153.0
>> Control
color #ff0000
series 27.49	64.8396666667	86.1302222222	92.2741031746	110.138007937	134.386325397	141.768642857	166.721182429	145.94833461	162.877971195	159.742470196	
error 7.92277729082	20.0437704481	34.5397684348	29.5854557689	30.8045244723	23.782205975	41.772338613	57.6628404393	37.8822030863	43.8969724318	43.9234978487	
>> Fast
color #0000ff
series 29.225	63.7147619048	99.6469345238	111.182232143	130.644136905	138.428296356	144.701194084	178.984136905	181.047714508	205.021424062	208.623322511	
error 8.94828894259	18.3841129376	22.0119258325	30.6796004149	38.1594977827	49.8442827871	44.5412146773	55.5653343739	49.4631713645	69.381452353	68.676957752	
