# chao1.txt
# DOB
xaxis: 10.0	23.0	36.0	49.0	62.0	75.0	88.0	101.0	114.0	127.0	140.0	
xmax: 153.0
>> 20070314
color #f27304
series 41.8	82.35	78.8533333333	94.6020634921	123.425833333	164.487063492	166.287857143	182.732853535	189.507929293	215.850862471	208.496620047	
error nan	nan	nan	nan	nan	nan	nan	nan	nan	nan	nan	
>> 20071112
color #008000
series 30.2	61.2057142857	112.775714286	112.99452381	143.386111111	144.564448052	182.470714286	200.016666667	187.374404762	251.930357143	201.350151515	
error nan	nan	nan	nan	nan	nan	nan	nan	nan	nan	nan	
>> 20080116
color #ffff00
series 28.9	64.5511111111	95.2706746032	110.578134921	126.396812169	136.382912458	132.111354016	171.973293651	178.938817756	189.385113035	211.047712843	
error 10.3121287812	21.1621413069	23.862660544	35.4051423996	43.2362189034	57.4096593577	44.8465173106	62.61044231	56.9592015969	73.7590967318	79.1529449494	
>> 20061126
color #ff0000
series 29.1	92.625	151.961666667	139.769047619	141.562857143	154.917063492	200.151190476	209.070448718	173.624988345	196.913679653	197.513003663	
error nan	nan	nan	nan	nan	nan	nan	nan	nan	nan	nan	
>> 20061218
color #0000ff
series 20.3	56.0016666667	74.9225	90.3070238095	115.276785714	123.36375	127.414404762	178.915888278	142.393484848	153.378133117	151.243724747	
error 0.6	2.35166666667	3.23916666667	0.94630952379	15.8708333333	14.83625	26.1335714285	60.9513736263	13.6817929293	20.7901028139	20.788219697	
>> 20071210
color #91278d
series 25.95	37.22	49.9911111111	46.3853571429	55.1477777778	105.8	87.5753571429	83.9708333333	81.8217857143	94.869047619	90.2152777778	
error nan	nan	nan	nan	nan	nan	nan	nan	nan	nan	nan	
