# chao1.txt
# Description
xaxis: 10.0	23.0	36.0	49.0	62.0	75.0	88.0	101.0	114.0	127.0	140.0	
xmax: 153.0
>> Control_mouse_I.D._356
color #f27304
series 29.1	92.625	151.961666667	139.769047619	141.562857143	154.917063492	200.151190476	209.070448718	173.624988345	196.913679653	197.513003663	
error nan	nan	nan	nan	nan	nan	nan	nan	nan	nan	nan	
>> Control_mouse_I.D._354
color #ff0000
series 20.9	53.65	71.6833333333	91.2533333333	131.147619048	138.2	153.54797619	239.867261905	156.075277778	174.168235931	172.031944444	
error nan	nan	nan	nan	nan	nan	nan	nan	nan	nan	nan	
>> Control_mouse_I.D._355
color #0000ff
series 19.7	58.3533333333	78.1616666667	89.3607142857	99.405952381	108.5275	101.280833333	117.964514652	128.711691919	132.588030303	130.45550505	
error nan	nan	nan	nan	nan	nan	nan	nan	nan	nan	nan	
>> Control_mouse_I.D._593
color #91278d
series 25.95	37.22	49.9911111111	46.3853571429	55.1477777778	105.8	87.5753571429	83.9708333333	81.8217857143	94.869047619	90.2152777778	
error nan	nan	nan	nan	nan	nan	nan	nan	nan	nan	nan	
>> Control_mouse_I.D._481
color #008000
series 41.8	82.35	78.8533333333	94.6020634921	123.425833333	164.487063492	166.287857143	182.732853535	189.507929293	215.850862471	208.496620047	
error nan	nan	nan	nan	nan	nan	nan	nan	nan	nan	nan	
>> Fasting_mouse_I.D._636
color #5da09e
series 20.3	59.1333333333	81.8433333333	85.635952381	84.720952381	100.457575758	120.882301587	132.160992064	148.504545455	144.424296537	167.034603175	
error nan	nan	nan	nan	nan	nan	nan	nan	nan	nan	nan	
>> Fasting_mouse_I.D._634
color #7cecf4
series 23.0	41.77	75.1716666667	85.45	108.486865079	91.2913888889	83.6680735931	123.386111111	129.566153846	130.351717172	143.92	
error nan	nan	nan	nan	nan	nan	nan	nan	nan	nan	nan	
>> Fasting_mouse_I.D._635
color #f49ac2
series 43.4	92.75	128.797023809	160.648452381	185.982619048	217.399772727	191.783686869	260.372777778	258.745753968	293.379325397	322.188535353	
error nan	nan	nan	nan	nan	nan	nan	nan	nan	nan	nan	
>> Fasting_mouse_I.D._607
color #ffff00
series 30.2	61.2057142857	112.775714286	112.99452381	143.386111111	144.564448052	182.470714286	200.016666667	187.374404762	251.930357143	201.350151515	
error nan	nan	nan	nan	nan	nan	nan	nan	nan	nan	nan	
