# observed_species.txt
# Treatment
xaxis: 10.0	23.0	36.0	49.0	62.0	75.0	88.0	101.0	114.0	127.0	140.0	
xmax: 153.0
>> Control
color #ff0000
series 8.52	17.38	24.36	30.08	36.28	41.3	46.46	51.92	55.84	60.54	64.74	
error 0.470744091838	1.90515091266	2.84014084158	4.22819110259	5.40570069464	6.86236110971	7.66174914755	9.29244854707	10.3112753818	11.633159502	12.4512810586	
>> Fast
color #0000ff
series 8.725	17.4	25.575	32.325	38.2	44.375	49.45	55.9	61.0	65.45	70.35	
error 0.549431524396	1.94422220952	3.05399328748	4.6724592026	5.89957625597	5.78419181909	6.64849607054	7.36919262878	8.28402076289	10.0313259343	10.701985797	
