# observed_species.txt
# DOB
xaxis: 10.0	23.0	36.0	49.0	62.0	75.0	88.0	101.0	114.0	127.0	140.0	
xmax: 153.0
>> 20070314
color #f27304
series 9.4	19.6	27.8	34.6	42.4	50.9	55.2	61.2	67.0	73.2	78.3	
error nan	nan	nan	nan	nan	nan	nan	nan	nan	nan	nan	
>> 20071112
color #008000
series 8.9	18.0	27.1	33.3	40.1	46.6	52.3	57.4	62.7	70.8	73.7	
error nan	nan	nan	nan	nan	nan	nan	nan	nan	nan	nan	
>> 20080116
color #ffff00
series 8.66666666667	17.2	25.0666666667	32.0	37.5666666667	43.6333333333	48.5	55.4	60.4333333333	63.6666666667	69.2333333333	
error 0.623609564462	2.20907220344	3.3767176699	5.3559935275	6.69344621419	6.5122107528	7.43818974393	8.45024654473	9.4981869615	11.0203851516	12.1541031023	
>> 20061126
color #ff0000
series 8.6	19.8	27.6	35.5	42.4	47.4	55.6	62.9	66.9	73.6	78.8	
error nan	nan	nan	nan	nan	nan	nan	nan	nan	nan	nan	
>> 20061218
color #0000ff
series 8.15	16.0	22.75	27.75	33.9	37.95	42.55	49.0	52.85	56.5	60.35	
error 0.05	0.1	0.65	0.65	1.4	1.15	0.95	0.2	1.25	1.0	0.25	
>> 20071210
color #91278d
series 8.3	15.5	20.9	24.8	28.8	32.3	36.4	37.5	39.6	42.9	45.9	
error nan	nan	nan	nan	nan	nan	nan	nan	nan	nan	nan	
