# PD_whole_tree.txt
# SampleID
xaxis: 10.0	23.0	36.0	49.0	62.0	75.0	88.0	101.0	114.0	127.0	140.0	
xmax: 153.0
>> PC.636
color #5da09e
series 2.004735	2.757367	3.632361	3.938584	4.231239	4.95157	5.35902	5.65812	5.948413	6.13576	6.496861	
error nan	nan	nan	nan	nan	nan	nan	nan	nan	nan	nan	
>> PC.355
color #0000ff
series 1.538713	2.213218	2.535738	2.930858	3.30929	3.585935	3.784708	4.118668	4.424553	4.587382	4.669681	
error nan	nan	nan	nan	nan	nan	nan	nan	nan	nan	nan	
>> PC.607
color #ffff00
series 1.896494	3.066095	4.003806	4.557663	4.976899	5.441095	5.906316	6.261084	6.67588	7.145596	7.314364	
error nan	nan	nan	nan	nan	nan	nan	nan	nan	nan	nan	
>> PC.634
color #7cecf4
series 2.105458	3.111069	3.913789	4.511078	4.938754	5.157615	5.357815	5.861342	6.150456	6.297114	6.492043	
error nan	nan	nan	nan	nan	nan	nan	nan	nan	nan	nan	
>> PC.635
color #f49ac2
series 2.052663	3.242967	3.923608	4.752905	5.102543	5.37759	5.680463	6.38492	6.700045	6.940029	7.283098	
error nan	nan	nan	nan	nan	nan	nan	nan	nan	nan	nan	
>> PC.593
color #91278d
series 1.859813	2.625454	3.098733	3.330951	3.708206	3.916283	4.24787	4.306991	4.423038	4.640758	4.812481	
error nan	nan	nan	nan	nan	nan	nan	nan	nan	nan	nan	
>> PC.356
color #f27304
series 1.605706	2.515292	2.923184	3.462546	3.807465	4.107061	4.518296	5.019896	5.106812	5.426842	5.645986	
error nan	nan	nan	nan	nan	nan	nan	nan	nan	nan	nan	
>> PC.481
color #008000
series 1.701409	2.897408	3.480555	3.848016	4.353144	4.746941	5.085641	5.361948	5.728855	6.042204	6.190867	
error nan	nan	nan	nan	nan	nan	nan	nan	nan	nan	nan	
>> PC.354
color #ff0000
series 1.33399	2.056428	2.611678	3.175692	3.443477	3.828124	4.187106	4.697759	4.948215	5.102734	5.419786	
error nan	nan	nan	nan	nan	nan	nan	nan	nan	nan	nan	
