# PD_whole_tree.txt
# Treatment
xaxis: 10.0	23.0	36.0	49.0	62.0	75.0	88.0	101.0	114.0	127.0	140.0	
xmax: 153.0
>> Control
color #ff0000
series 1.6079262	2.46156	2.9299776	3.3496126	3.7243164	4.0368688	4.3647242	4.7010524	4.9262946	5.159984	5.3477602	
error 0.174368822857	0.29850210604	0.343045043395	0.305650763914	0.36158403352	0.392577659279	0.430099349353	0.454513158924	0.486247276579	0.538566908108	0.557004603802	
>> Fast
color #0000ff
series 2.0148375	3.0443745	3.868391	4.4400575	4.81235875	5.2319675	5.5759035	6.0413665	6.3686985	6.62962475	6.8965915	
error 0.0770553177415	0.177997347286	0.14067451672	0.30340739712	0.340938526673	0.193061697408	0.231681977936	0.293935149111	0.327269257386	0.423391934088	0.402295009222	
