# PD_whole_tree.txt
# DOB
xaxis: 10.0	23.0	36.0	49.0	62.0	75.0	88.0	101.0	114.0	127.0	140.0	
xmax: 153.0
>> 20070314
color #f27304
series 1.701409	2.897408	3.480555	3.848016	4.353144	4.746941	5.085641	5.361948	5.728855	6.042204	6.190867	
error nan	nan	nan	nan	nan	nan	nan	nan	nan	nan	nan	
>> 20071112
color #008000
series 1.896494	3.066095	4.003806	4.557663	4.976899	5.441095	5.906316	6.261084	6.67588	7.145596	7.314364	
error nan	nan	nan	nan	nan	nan	nan	nan	nan	nan	nan	
>> 20080116
color #ffff00
series 2.05428533333	3.03713433333	3.82325266667	4.40085566667	4.757512	5.16225833333	5.465766	5.96812733333	6.26630466667	6.45763433333	6.757334	
error 0.0411359911864	0.205022911242	0.135040301373	0.341459021294	0.378090960861	0.17395292564	0.151814501642	0.306171945766	0.317598647176	0.34740681163	0.371776492939	
>> 20061126
color #ff0000
series 1.605706	2.515292	2.923184	3.462546	3.807465	4.107061	4.518296	5.019896	5.106812	5.426842	5.645986	
error nan	nan	nan	nan	nan	nan	nan	nan	nan	nan	nan	
>> 20061218
color #0000ff
series 1.4363515	2.134823	2.573708	3.053275	3.3763835	3.7070295	3.985907	4.4082135	4.686384	4.845058	5.0447335	
error 0.1023615	0.078395	0.03797	0.122417	0.0670935	0.1210945	0.201199	0.2895455	0.261831	0.257676	0.3750525	
>> 20071210
color #91278d
series 1.859813	2.625454	3.098733	3.330951	3.708206	3.916283	4.24787	4.306991	4.423038	4.640758	4.812481	
error nan	nan	nan	nan	nan	nan	nan	nan	nan	nan	nan	
